time,state,patch1,patch2,patch3,patch4,patch5,patch6,patch7,patch8
0,M,54.2749620920257,0,0,0,0,0,0,0
0,Y,4.44039692447161,0,0,0,0,0,0,0
0,Z,1.39344360574464,0,0,0,0,0,0,0
1,M,57.8474658828231,0,0,0,0,0,0,0
1,Y,3.99635723202445,0,0,0,0,0,0,0
1,Z,1.39344360574464,0,0.139344360574464,0,0.139344360574464,0,0.139344360574464,0
2,M,52.9627192945408,0,0,0,0,0,0,0
2,Y,3.9299419938756,0,0,0,0,0,0,0
2,Z,1.25409924517017,0,0.125409924517017,0,0.125409924517017,0,0.125409924517017,0
3,M,51.2664473650867,0,0,0,0,0,0,0
3,Y,3.86145651167728,0,0,0,0,0,0,0
3,Z,1.12868932065316,0,0.112868932065316,0,0.112868932065316,0,0.112868932065316,0
4,M,51.5398026285781,0,0,0,0,0,0,0
4,Y,3.79029077631509,0,0,0,0,0,0,0
4,Z,1.01582038858784,0,0.101582038858784,0,0.101582038858784,0,0.101582038858784,0
5,M,50.8858223657203,0,0,0,0,0,0,0
5,Y,3.72229051246733,0,0,0,0,0,0,0
5,Z,0.914238349729057,0.139344360574464,0.0914238349729057,0.139344360574464,0.0914238349729057,0.139344360574464,0.0914238349729057,0.139344360574464
6,M,50.2972401291482,0,0,0,0,0,0,0
6,Y,3.66918371200574,0,0,0,0,0,0,0
6,Z,0.822814514756151,0.125409924517017,0.0822814514756151,0.125409924517017,0.0822814514756151,0.125409924517017,0.0822814514756151,0.125409924517017
7,M,51.5675161162334,0,0,0,0,0,0,0
7,Y,3.63043318797664,0,0,0,0,0,0,0
7,Z,0.740533063280536,0.112868932065316,0.0740533063280536,0.112868932065316,0.0740533063280536,0.112868932065316,0.0740533063280536,0.112868932065316
8,M,50.0107645046101,0,0,0,0,0,0,0
8,Y,3.58521069304117,0,0,0,0,0,0,0
8,Z,0.666479756952483,0.101582038858784,0.0666479756952482,0.101582038858784,0.0666479756952482,0.101582038858784,0.0666479756952482,0.101582038858784
9,M,46.8096880541491,0,0,0,0,0,0,0
9,Y,3.52302220062647,0,0,0,0,0,0,0
9,Z,0.739176141831698,0.0914238349729057,0.199327538700187,0.0914238349729057,0.199327538700187,0.0914238349729057,0.199327538700187,0.0914238349729057
10,M,44.8287192487342,0,0,0,0,0,0,0
10,Y,3.45396396828844,0,0,0,0,0,0,0
10,Z,0.665258527648528,0.0822814514756151,0.179394784830168,0.0822814514756151,0.179394784830168,0.0822814514756151,0.179394784830168,0.0822814514756151
11,M,47.5458473238607,0,0,0,0,0,0,0
11,Y,3.4107086378053,0,0,0,0,0,0,0
11,Z,0.598732674883675,0.0740533063280536,0.161455306347152,0.0740533063280536,0.161455306347152,0.0740533063280536,0.161455306347152,0.0740533063280536
12,M,46.3912625914747,0,0,0,0,0,0,0
12,Y,3.36419320115947,0,0,0,0,0,0,0
12,Z,0.538859407395308,0.0666479756952482,0.145309775712436,0.0666479756952482,0.145309775712436,0.0666479756952482,0.145309775712436,0.0666479756952482
13,M,50.7521363323272,0,0,0,0,0,0,0
13,Y,3.31024652173126,0,0,0,0,0,0,0
13,Z,0.589541585699847,0.0599831781257234,0.130778798141193,0.0599831781257234,0.130778798141193,0.0599831781257234,0.130778798141193,0.0599831781257234
14,M,47.4769226990945,0,0,0,0,0,0,0
14,Y,3.25537164577213,0,0,0,0,0,0,0
14,Z,0.632421701107417,0.0539848603131511,0.117700918327074,0.0539848603131511,0.117700918327074,0.0539848603131511,0.117700918327074,0.0539848603131511
15,M,45.429230429185,0,0,0,0,0,0,0
15,Y,3.20816083315468,0,0,0,0,0,0,0
15,Z,0.66802356613199,0.048586374281836,0.105930826494366,0.048586374281836,0.105930826494366,0.048586374281836,0.105930826494366,0.048586374281836
16,M,48.9863073862665,0,0,0,0,0,0,0
16,Y,3.18717138344497,0,0,0,0,0,0,0
16,Z,0.698825346973436,0.0437277368536524,0.0953377438449296,0.0437277368536524,0.0953377438449296,0.0437277368536524,0.0953377438449296,0.0437277368536524
17,M,44.9876766476399,0,0,0,0,0,0,0
17,Y,3.14238301069316,0,0,0,0,0,0,0
17,Z,0.72908675602056,0.0393549631682871,0.0858039694604366,0.0393549631682871,0.0858039694604366,0.0393549631682871,0.0858039694604366,0.0393549631682871
18,M,47.6889089828759,0,0,0,0,0,0,0
18,Y,3.11990340359028,0,0,0,0,0,0,0
18,Z,0.759160628156956,0.0354194668514584,0.0772235725143929,0.0354194668514584,0.0772235725143929,0.0354194668514584,0.0772235725143929,0.0354194668514584
19,M,43.8200180845883,0,0,0,0,0,0,0
19,Y,3.0746414250906,0,0,0,0,0,0,0
19,Z,0.782980107527272,0.0318775201663126,0.0695012152629537,0.0318775201663126,0.0695012152629537,0.0318775201663126,0.0695012152629537,0.0318775201663126
20,M,41.2380162761295,0,0,0,0,0,0,0
20,Y,3.01737814056151,0,0,0,0,0,0,0
20,Z,0.797674399369097,0.0286897681496813,0.0625510937366583,0.0286897681496813,0.0625510937366583,0.0286897681496813,0.0625510937366583,0.0286897681496813
21,M,41.6142146485165,0,0,0,0,0,0,0
21,Y,2.96862302519815,0,0,0,0,0,0,0
21,Z,0.806791924058957,0.0258207913347132,0.0562959843629925,0.0258207913347132,0.0562959843629925,0.0258207913347132,0.0562959843629925,0.0258207913347132
22,M,43.7527931836649,0,0,0,0,0,0,0
22,Y,2.94088755891564,0,0,0,0,0,0,0
22,Z,0.820927799786275,0.0232387122012419,0.0506663859266932,0.0232387122012419,0.0506663859266932,0.0232387122012419,0.0506663859266932,0.0232387122012419
23,M,43.8775138652984,0,0,0,0,0,0,0
23,Y,2.91692051503602,0,0,0,0,0,0,0
23,Z,0.831269633978334,0.0209148409811177,0.0455997473340239,0.0209148409811177,0.0455997473340239,0.0209148409811177,0.0455997473340239,0.0209148409811177
24,M,42.1897624787686,0,0,0,0,0,0,0
24,Y,2.88443434373466,0,0,0,0,0,0,0
24,Z,0.836785578333835,0.0188233568830059,0.0410397726006215,0.0188233568830059,0.0410397726006215,0.0188233568830059,0.0410397726006215,0.0188233568830059
25,M,41.5707862308917,0,0,0,0,0,0,0
25,Y,2.8494828286075,0,0,0,0,0,0,0
25,Z,0.839765746384286,0.0169410211947053,0.0369357953405594,0.0169410211947053,0.0369357953405594,0.0169410211947053,0.0369357953405594,0.0169410211947053
26,M,47.3137076078025,0,0,0,0,0,0,0
26,Y,2.85556760116856,0,0,0,0,0,0,0
26,Z,0.843130930161906,0.0152469190752348,0.0332422158065034,0.0152469190752348,0.0332422158065034,0.0152469190752348,0.0332422158065034,0.0152469190752348
27,M,47.9823368470223,0,0,0,0,0,0,0
27,Y,2.88093732021996,0,0,0,0,0,0,0
27,Z,0.852906611761197,0.0137222271677113,0.0299179942258531,0.0137222271677113,0.0299179942258531,0.0137222271677113,0.0299179942258531,0.0137222271677113
28,M,50.3841031623201,0,0,0,0,0,0,0
28,Y,2.91780570933424,0,0,0,0,0,0,0
28,Z,0.853577699801916,0.0123500044509402,0.0269261948032678,0.0123500044509402,0.0269261948032678,0.0123500044509402,0.0269261948032678,0.0123500044509402
29,M,52.545692846088,0,0,0,0,0,0,0
29,Y,2.96544256553664,0,0,0,0,0,0,0
29,Z,0.859776899489772,0.0111150040058462,0.024233575322941,0.0111150040058462,0.024233575322941,0.0111150040058462,0.024233575322941,0.0111150040058462
30,M,53.5911235614792,0,0,0,0,0,0,0
30,Y,3.0151322721123,0,0,0,0,0,0,0
30,Z,0.857501395769986,0.0100035036052615,0.0218102177906469,0.0100035036052615,0.0218102177906469,0.0100035036052615,0.0218102177906469,0.0100035036052615
31,M,56.3320112053313,0,0,0,0,0,0,0
31,Y,3.07818497408649,0,0,0,0,0,0,0
31,Z,0.850266936577912,0.00900315324473539,0.0196291960115822,0.00900315324473539,0.0196291960115822,0.00900315324473539,0.0196291960115822,0.00900315324473539
32,M,53.3988100847982,0,0,0,0,0,0,0
32,Y,3.11460293814478,0,0,0,0,0,0,0
32,Z,0.844628894397361,0.00810283792026186,0.017666276410424,0.00810283792026186,0.017666276410424,0.00810283792026186,0.017666276410424,0.00810283792026186
33,M,52.5589290763184,0,0,0,0,0,0,0
33,Y,3.14391503915542,0,0,0,0,0,0,0
33,Z,0.84462085786107,0.00729255412823567,0.0158996487693816,0.00729255412823567,0.0158996487693816,0.00729255412823567,0.0158996487693816,0.00729255412823567
34,M,53.6030361686865,0,0,0,0,0,0,0
34,Y,3.17728462806937,0,0,0,0,0,0,0
34,Z,0.844925827538281,0.0065632987154121,0.0143096838924434,0.0065632987154121,0.0143096838924434,0.0065632987154121,0.0143096838924434,0.0065632987154121
35,M,51.8427325518179,0,0,0,0,0,0,0
35,Y,3.1950549055165,0,0,0,0,0,0,0
35,Z,0.841774796560754,0.00590696884387089,0.0128787155031991,0.00590696884387089,0.0128787155031991,0.00590696884387089,0.0128787155031991,0.00590696884387089
36,M,53.8584592966361,0,0,0,0,0,0,0
36,Y,3.23981645036083,0,0,0,0,0,0,0
36,Z,0.83714576718736,0.0053162719594838,0.0115908439528792,0.0053162719594838,0.0115908439528792,0.0053162719594838,0.0115908439528792,0.0053162719594838
37,M,51.1726133669725,0,0,0,0,0,0,0
37,Y,3.27239116354138,0,0,0,0,0,0,0
37,Z,0.844760447072435,0.00478464476353542,0.0104317595575913,0.00478464476353542,0.0104317595575913,0.00478464476353542,0.0104317595575913,0.00478464476353542
38,M,54.1553520302752,0,0,0,0,0,0,0
38,Y,3.32362093035868,0,0,0,0,0,0,0
38,Z,0.857856426133145,0.00430618028718188,0.00938858360183214,0.00430618028718188,0.00938858360183214,0.00430618028718188,0.00938858360183214,0.00430618028718188
39,M,55.0398168272477,0,0,0,0,0,0,0
39,Y,3.3759242701575,0,0,0,0,0,0,0
39,Z,0.874047340460279,0.00387556225846369,0.00844972524164892,0.00387556225846369,0.00844972524164892,0.00387556225846369,0.00844972524164892,0.00387556225846369
40,M,55.8358351445229,0,0,0,0,0,0,0
40,Y,3.4285323693297,0,0,0,0,0,0,0
40,Z,0.893155391547078,0.00348800603261732,0.00760475271748403,0.00348800603261732,0.00760475271748403,0.00348800603261732,0.00760475271748403,0.00348800603261732
41,M,53.8522516300707,0,0,0,0,0,0,0
41,Y,3.46087004227893,0,0,0,0,0,0,0
41,Z,0.912491738748585,0.00313920542935559,0.00684427744573563,0.00313920542935559,0.00684427744573563,0.00313920542935559,0.00684427744573563,0.00313920542935559
42,M,53.8670264670636,0,0,0,0,0,0,0
42,Y,3.48986804879465,0,0,0,0,0,0,0
42,Z,0.935647216425507,0.00282528488642003,0.00615984970116206,0.00282528488642003,0.00615984970116206,0.00282528488642003,0.00615984970116206,0.00282528488642003
43,M,56.5803238203572,0,0,0,0,0,0,0
43,Y,3.53582602937976,0,0,0,0,0,0,0
43,Z,0.950107543951809,0.00254275639777803,0.00554386473104586,0.00254275639777803,0.00554386473104586,0.00254275639777803,0.00554386473104586,0.00254275639777803
44,M,56.3222914383215,0,0,0,0,0,0,0
44,Y,3.57497553309893,0,0,0,0,0,0,0
44,Z,0.962034777907717,0.00228848075800023,0.00498947825794127,0.00228848075800023,0.00498947825794127,0.00228848075800023,0.00498947825794127,0.00228848075800023
45,M,53.3900622944894,0,0,0,0,0,0,0
45,Y,3.58827901350169,0,0,0,0,0,0,0
45,Z,0.974962415954676,0.0020596326822002,0.00449053043214715,0.0020596326822002,0.00449053043214715,0.0020596326822002,0.00449053043214715,0.0020596326822002
46,M,57.0510560650404,0,0,0,0,0,0,0
46,Y,3.62722027284349,0,0,0,0,0,0,0
46,Z,0.982749234025782,0.00185366941398018,0.00404147738893243,0.00185366941398018,0.00404147738893243,0.00185366941398018,0.00404147738893243,0.00185366941398018
47,M,54.9459504585364,0,0,0,0,0,0,0
47,Y,3.64923855726772,0,0,0,0,0,0,0
47,Z,0.998785166136752,0.00166830247258216,0.00363732965003919,0.00166830247258216,0.00363732965003919,0.00166830247258216,0.00363732965003919,0.00166830247258216
48,M,60.2513554126827,0,0,0,0,0,0,0
48,Y,3.70842577719241,0,0,0,0,0,0,0
48,Z,1.01079781283472,0.00150147222532395,0.00327359668503527,0.00150147222532395,0.00327359668503527,0.00150147222532395,0.00327359668503527,0.00150147222532395
49,M,58.7262198714145,0,0,0,0,0,0,0
49,Y,3.73356943990671,0,0,0,0,0,0,0
49,Z,1.02848557738079,0.00135132500279155,0.00294623701653174,0.00135132500279155,0.00294623701653174,0.00135132500279155,0.00294623701653174,0.00135132500279155
50,M,58.253597884273,0,0,0,0,0,0,0
50,Y,3.75253962125438,0,0,0,0,0,0,0
50,Z,1.04634910841578,0.0012161925025124,0.00265161331487857,0.0012161925025124,0.00265161331487857,0.0012161925025124,0.00265161331487857,0.0012161925025124
51,M,58.7282380958457,0,0,0,0,0,0,0
51,Y,3.77288217854279,0,0,0,0,0,0,0
51,Z,1.06416325729188,0.00109457325226116,0.00238645198339071,0.00109457325226116,0.00238645198339071,0.00109457325226116,0.00238645198339071,0.00109457325226116
52,M,58.2554142862611,0,0,0,0,0,0,0
52,Y,3.7848391181213,0,0,0,0,0,0,0
52,Z,1.07548581464037,0.000985115927035042,0.00214780678505164,0.000985115927035042,0.00214780678505164,0.000985115927035042,0.00214780678505164,0.000985115927035042
53,M,61.429872857635,0,0,0,0,0,0,0
53,Y,3.81802587005292,0,0,0,0,0,0,0
53,Z,1.08564288398221,0.000886604334331538,0.00193302610654648,0.000886604334331538,0.00193302610654648,0.000886604334331538,0.00193302610654648,0.000886604334331538
54,M,57.9868855718715,0,0,0,0,0,0,0
54,Y,3.82607930399952,0,0,0,0,0,0,0
54,Z,1.10101645413327,0.000797943900898384,0.00173972349589183,0.000797943900898384,0.00173972349589183,0.000797943900898384,0.00173972349589183,0.000797943900898384
55,M,55.7881970146844,0,0,0,0,0,0,0
55,Y,3.81758206137373,0,0,0,0,0,0,0
55,Z,1.1141583052137,0.000718149510808546,0.00156575114630265,0.000718149510808546,0.00156575114630265,0.000718149510808546,0.00156575114630265,0.000718149510808546
56,M,52.9093773132159,0,0,0,0,0,0,0
56,Y,3.78941425100588,0,0,0,0,0,0,0
56,Z,1.11910376811249,0.000646334559727691,0.00140917603167238,0.000646334559727691,0.00140917603167238,0.000646334559727691,0.00140917603167238,0.000646334559727691
57,M,51.2184395818944,0,0,0,0,0,0,0
57,Y,3.75215917653661,0,0,0,0,0,0,0
57,Z,1.13201756872421,0.000581701103754922,0.00126825842850514,0.000581701103754922,0.00126825842850514,0.000581701103754922,0.00126825842850514,0.000581701103754922
58,M,53.2965956237049,0,0,0,0,0,0,0
58,Y,3.73634532351898,0,0,0,0,0,0,0
58,Z,1.1395513984089,0.00052353099337943,0.00114143258565463,0.00052353099337943,0.00114143258565463,0.00052353099337943,0.00114143258565463,0.00052353099337943
59,M,56.0669360613344,0,0,0,0,0,0,0
59,Y,3.72648605399617,0,0,0,0,0,0,0
59,Z,1.15868680802657,0.000471177894041487,0.00102728932708917,0.000471177894041487,0.00102728932708917,0.000471177894041487,0.00102728932708917,0.000471177894041487
60,M,57.660242455201,0,0,0,0,0,0,0
60,Y,3.72581737630675,0,0,0,0,0,0,0
60,Z,1.1670828053778,0.000424060104637338,0.00092456039438025,0.000424060104637338,0.00092456039438025,0.000424060104637338,0.00092456039438025,0.000424060104637338
61,M,59.0942182096809,0,0,0,0,0,0,0
61,Y,3.73502054048934,0,0,0,0,0,0,0
61,Z,1.17349093390472,0.000381654094173604,0.000832104354942225,0.000381654094173604,0.000832104354942225,0.000381654094173604,0.000832104354942225,0.000381654094173604
62,M,58.5847963887128,0,0,0,0,0,0,0
62,Y,3.72080964307056,0,0,0,0,0,0,0
62,Z,1.18028422008264,0.000343488684756244,0.000748893919448002,0.000343488684756244,0.000748893919448002,0.000343488684756244,0.000748893919448002,0.000343488684756244
63,M,59.0263167498415,0,0,0,0,0,0,0
63,Y,3.71083721456013,0,0,0,0,0,0,0
63,Z,1.18440505295351,0.00030913981628062,0.000674004527503202,0.00030913981628062,0.000674004527503202,0.00030913981628062,0.000674004527503202,0.00030913981628062
64,M,60.3236850748574,0,0,0,0,0,0,0
64,Y,3.71035702643269,0,0,0,0,0,0,0
64,Z,1.19515116404035,0.000278225834652558,0.000606604074752882,0.000278225834652558,0.000606604074752882,0.000278225834652558,0.000606604074752882,0.000278225834652558
65,M,61.4913165673716,0,0,0,0,0,0,0
65,Y,3.71752152648741,0,0,0,0,0,0,0
65,Z,1.1979769979605,0.000250403251187302,0.000545943667277594,0.000250403251187302,0.000545943667277594,0.000250403251187302,0.000545943667277594,0.000250403251187302
66,M,60.7421849106345,0,0,0,0,0,0,0
66,Y,3.71905555079735,0,0,0,0,0,0,0
66,Z,1.1955791960985,0.000225362926068572,0.000491349300549834,0.000225362926068572,0.000491349300549834,0.000225362926068572,0.000491349300549834,0.000225362926068572
67,M,58.267966419571,0,0,0,0,0,0,0
67,Y,3.70433574340852,0,0,0,0,0,0,0
67,Z,1.18698168935678,0.000202826633461715,0.000442214370494851,0.000202826633461715,0.000442214370494851,0.000202826633461715,0.000442214370494851,0.000202826633461715
68,M,54.2411697776139,0,0,0,0,0,0,0
68,Y,3.66498520147069,0,0,0,0,0,0,0
68,Z,1.17550831778854,0.000182543970115543,0.000397992933445366,0.000182543970115543,0.000397992933445366,0.000182543970115543,0.000397992933445366,0.000182543970115543
69,M,54.2170527998525,0,0,0,0,0,0,0
69,Y,3.64458668750741,0,0,0,0,0,0,0
69,Z,1.17074166214909,0.000164289573103989,0.000358193640100829,0.000164289573103989,0.000358193640100829,0.000164289573103989,0.000358193640100829,0.000164289573103989
70,M,56.8953475198673,0,0,0,0,0,0,0
70,Y,3.64467154389726,0,0,0,0,0,0,0
70,Z,1.16782402800537,0.00014786061579359,0.000322374276090746,0.00014786061579359,0.000322374276090746,0.00014786061579359,0.000322374276090746,0.00014786061579359
71,M,55.7058127678806,0,0,0,0,0,0,0
71,Y,3.62127447734399,0,0,0,0,0,0,0
71,Z,1.16777286805309,0.000133074554214231,0.000290136848481672,0.000133074554214231,0.000290136848481672,0.000133074554214231,0.000290136848481672,0.000133074554214231
72,M,55.5352314910925,0,0,0,0,0,0,0
72,Y,3.59913317867887,0,0,0,0,0,0,0
72,Z,1.17080372886396,0.000119767098792808,0.000261123163633505,0.000119767098792808,0.000261123163633505,0.000119767098792808,0.000261123163633505,0.000119767098792808
73,M,52.6817083419832,0,0,0,0,0,0,0
73,Y,3.56077648853814,0,0,0,0,0,0,0
73,Z,1.16647272800954,0.000107790388913527,0.000235010847270154,0.000107790388913527,0.000235010847270154,0.000107790388913527,0.000235010847270154,0.000107790388913527
74,M,52.8135375077849,0,0,0,0,0,0,0
74,Y,3.52733734522313,0,0,0,0,0,0,0
74,Z,1.1634589506762,9.70113500221744e-05,0.000211509762543139,9.70113500221744e-05,0.000211509762543139,9.70113500221744e-05,0.000211509762543139,9.70113500221744e-05
75,M,54.7321837570064,0,0,0,0,0,0,0
75,Y,3.51236358404171,0,0,0,0,0,0,0
75,Z,1.16341237131548,8.73102150199569e-05,0.000190358786288825,8.73102150199569e-05,0.000190358786288825,8.73102150199569e-05,0.000190358786288825,8.73102150199569e-05
76,M,53.7589653813058,0,0,0,0,0,0,0
76,Y,3.49261734522603,0,0,0,0,0,0,0
76,Z,1.16575436523395,7.85791935179612e-05,0.000171322907659942,7.85791935179612e-05,0.000171322907659942,7.85791935179612e-05,0.000171322907659942,7.85791935179612e-05
77,M,58.2830688431752,0,0,0,0,0,0,0
77,Y,3.50460181916423,0,0,0,0,0,0,0
77,Z,1.16632008641411,7.07212741661651e-05,0.000154190616893948,7.07212741661651e-05,0.000154190616893948,7.07212741661651e-05,0.000154190616893948,7.07212741661651e-05
78,M,55.1547619588577,0,0,0,0,0,0,0
78,Y,3.49482217184777,0,0,0,0,0,0,0
78,Z,1.16177675017044,6.36491467495486e-05,0.000138771555204553,6.36491467495486e-05,0.000138771555204553,6.36491467495486e-05,0.000138771555204553,6.36491467495486e-05
79,M,54.1392857629719,0,0,0,0,0,0,0
79,Y,3.47942529080414,0,0,0,0,0,0,0
79,Z,1.14949643890707,5.72842320745937e-05,0.000124894399684098,5.72842320745937e-05,0.000124894399684098,5.72842320745937e-05,0.000124894399684098,5.72842320745937e-05
80,M,56.8253571866747,0,0,0,0,0,0,0
80,Y,3.48325660078719,0,0,0,0,0,0,0
80,Z,1.14315664426365,5.15558088671344e-05,0.000112404959715688,5.15558088671344e-05,0.000112404959715688,5.15558088671344e-05,0.000112404959715688,5.15558088671344e-05
81,M,54.7428214680073,0,0,0,0,0,0,0
81,Y,3.47303851761894,0,0,0,0,0,0,0
81,Z,1.1432386007624,4.64002279804209e-05,0.000101164463744119,4.64002279804209e-05,0.000101164463744119,4.64002279804209e-05,0.000101164463744119,4.64002279804209e-05
82,M,52.8685393212065,0,0,0,0,0,0,0
82,Y,3.4516231875329,0,0,0,0,0,0,0
82,Z,1.13594614825859,4.17602051823788e-05,9.10480173697075e-05,4.17602051823788e-05,9.10480173697075e-05,4.17602051823788e-05,9.10480173697075e-05,4.17602051823788e-05
83,M,53.8816853890859,0,0,0,0,0,0,0
83,Y,3.43911325883544,0,0,0,0,0,0,0
83,Z,1.12904278953451,3.7584184664141e-05,8.19432156327367e-05,3.7584184664141e-05,8.19432156327367e-05,3.7584184664141e-05,8.19432156327367e-05,3.7584184664141e-05
84,M,50.2935168501773,0,0,0,0,0,0,0
84,Y,3.40442030494636,0,0,0,0,0,0,0
84,Z,1.11704638760481,3.38257661977269e-05,7.3748894069463e-05,3.38257661977269e-05,7.3748894069463e-05,3.38257661977269e-05,7.3748894069463e-05,3.38257661977269e-05
85,M,48.8641651651596,0,0,0,0,0,0,0
85,Y,3.36624316487063,0,0,0,0,0,0,0
85,Z,1.10658913058905,3.04431895779542e-05,6.63740046625167e-05,3.04431895779542e-05,6.63740046625167e-05,3.04431895779542e-05,6.63740046625167e-05,3.04431895779542e-05
86,M,48.4777486486436,0,0,0,0,0,0,0
86,Y,3.31604220010687,0,0,0,0,0,0,0
86,Z,1.10192287609959,2.73988706201588e-05,5.97366041962651e-05,2.73988706201588e-05,5.97366041962651e-05,2.73988706201588e-05,5.97366041962651e-05,2.73988706201588e-05
87,M,51.7299737837792,0,0,0,0,0,0,0
87,Y,3.28708495455716,0,0,0,0,0,0,0
87,Z,1.09575570051564,2.46589835581429e-05,5.37629437766386e-05,2.46589835581429e-05,5.37629437766386e-05,2.46589835581429e-05,5.37629437766386e-05,2.46589835581429e-05
88,M,50.1569764054013,0,0,0,0,0,0,0
88,Y,3.25138697903014,0,0,0,0,0,0,0
88,Z,1.09954301847641,2.21930852023286e-05,4.83866493989747e-05,2.21930852023286e-05,4.83866493989747e-05,2.21930852023286e-05,4.83866493989747e-05,2.21930852023286e-05
89,M,47.8412787648612,0,0,0,0,0,0,0
89,Y,3.20508210336738,0,0,0,0,0,0,0
89,Z,1.09649787826784,1.99737766820957e-05,4.35479844590772e-05,1.99737766820957e-05,4.35479844590772e-05,1.99737766820957e-05,4.35479844590772e-05,1.99737766820957e-05
90,M,51.1571508883751,0,0,0,0,0,0,0
90,Y,3.18425146044858,0,0,0,0,0,0,0
90,Z,1.09168760892044,1.79763990138862e-05,3.91931860131695e-05,1.79763990138862e-05,3.91931860131695e-05,1.79763990138862e-05,3.91931860131695e-05,1.79763990138862e-05
91,M,49.6414357995376,0,0,0,0,0,0,0
91,Y,3.14248303927593,0,0,0,0,0,0,0
91,Z,1.09290920615377,1.61787591124975e-05,3.52738674118526e-05,1.61787591124975e-05,3.52738674118526e-05,1.61787591124975e-05,3.52738674118526e-05,1.61787591124975e-05
92,M,50.0772922195838,0,0,0,0,0,0,0
92,Y,3.10759121012667,0,0,0,0,0,0,0
92,Z,1.08972002579121,1.45608832012478e-05,3.17464806706673e-05,1.45608832012478e-05,3.17464806706673e-05,1.45608832012478e-05,3.17464806706673e-05,1.45608832012478e-05
93,M,47.7695629976254,0,0,0,0,0,0,0
93,Y,3.04953074346442,0,0,0,0,0,0,0
93,Z,1.08301529445808,1.3104794881123e-05,2.85718326036006e-05,1.3104794881123e-05,2.85718326036006e-05,1.3104794881123e-05,2.85718326036006e-05,1.3104794881123e-05
94,M,47.4926066978629,0,0,0,0,0,0,0
94,Y,2.99775317574352,0,0,0,0,0,0,0
94,Z,1.07910360982646,1.17943153930107e-05,2.57146493432405e-05,1.17943153930107e-05,2.57146493432405e-05,1.17943153930107e-05,2.57146493432405e-05,1.17943153930107e-05
95,M,46.3433460280766,0,0,0,0,0,0,0
95,Y,2.94674291461109,0,0,0,0,0,0,0
95,Z,1.06822925048137,1.06148838537096e-05,2.31431844089165e-05,1.06148838537096e-05,2.31431844089165e-05,1.06148838537096e-05,2.31431844089165e-05,1.06148838537096e-05
96,M,50.7090114252689,0,0,0,0,0,0,0
96,Y,2.92599308748284,0,0,0,0,0,0,0
96,Z,1.05626025087267,9.55339546833868e-06,2.08288659680248e-05,9.55339546833868e-06,2.08288659680248e-05,9.55339546833868e-06,2.08288659680248e-05,9.55339546833868e-06
97,M,48.3381102827421,0,0,0,0,0,0,0
97,Y,2.89391066204068,0,0,0,0,0,0,0
97,Z,1.04051690852379,8.59805592150481e-06,1.87459793712223e-05,8.59805592150481e-06,1.87459793712223e-05,8.59805592150481e-06,1.87459793712223e-05,8.59805592150481e-06
98,M,48.0042992544678,0,0,0,0,0,0,0
98,Y,2.86329833988521,0,0,0,0,0,0,0
98,Z,1.03143904513185,7.73825032935433e-06,1.68713814341001e-05,7.73825032935433e-06,1.68713814341001e-05,7.73825032935433e-06,1.68713814341001e-05,7.73825032935433e-06
99,M,48.6038693290211,0,0,0,0,0,0,0
99,Y,2.85302838090711,0,0,0,0,0,0,0
99,Z,1.02024494653812,6.9644252964189e-06,1.51842432906901e-05,6.9644252964189e-06,1.51842432906901e-05,6.9644252964189e-06,1.51842432906901e-05,6.9644252964189e-06
100,M,47.343482396119,0,0,0,0,0,0,0
100,Y,2.83637935768583,0,0,0,0,0,0,0
100,Z,1.00572145985158,6.26798276677701e-06,1.36658189616211e-05,6.26798276677701e-06,1.36658189616211e-05,6.26798276677701e-06,1.36658189616211e-05,6.26798276677701e-06
101,M,48.9091341565071,0,0,0,0,0,0,0
101,Y,2.82884956585548,0,0,0,0,0,0,0
101,Z,0.999191309932645,5.64118449009931e-06,1.2299237065459e-05,5.64118449009931e-06,1.2299237065459e-05,5.64118449009931e-06,1.2299237065459e-05,5.64118449009931e-06
102,M,51.2182207408564,0,0,0,0,0,0,0
102,Y,2.8214624413329,0,0,0,0,0,0,0
102,Z,0.986089990683837,5.07706604108938e-06,1.10693133589131e-05,5.07706604108938e-06,1.10693133589131e-05,5.07706604108938e-06,1.10693133589131e-05,5.07706604108938e-06
103,M,51.4963986667707,0,0,0,0,0,0,0
103,Y,2.82868102926308,0,0,0,0,0,0,0
103,Z,0.975146013487242,4.56935943698044e-06,9.96238202302177e-06,4.56935943698044e-06,9.96238202302177e-06,4.56935943698044e-06,9.96238202302177e-06,4.56935943698044e-06
104,M,49.0467588000936,0,0,0,0,0,0,0
104,Y,2.82074491035108,0,0,0,0,0,0,0
104,Z,0.956930927491363,4.1124234932824e-06,8.9661438207196e-06,4.1124234932824e-06,8.9661438207196e-06,4.1124234932824e-06,8.9661438207196e-06,4.1124234932824e-06
105,M,49.5420829200843,0,0,0,0,0,0,0
105,Y,2.8165738025846,0,0,0,0,0,0,0
105,Z,0.940686991391775,3.70118114395416e-06,8.06952943864764e-06,3.70118114395416e-06,8.06952943864764e-06,3.70118114395416e-06,8.06952943864764e-06,3.70118114395416e-06
106,M,49.0878746280759,0,0,0,0,0,0,0
106,Y,2.81015654015259,0,0,0,0,0,0,0
106,Z,0.924683402900999,3.33106302955874e-06,7.26257649478287e-06,3.33106302955874e-06,7.26257649478287e-06,3.33106302955874e-06,7.26257649478287e-06,3.33106302955874e-06
107,M,46.8790871652683,0,0,0,0,0,0,0
107,Y,2.79135589698452,0,0,0,0,0,0,0
107,Z,0.918175462046827,2.99795672660287e-06,6.53631884530459e-06,2.99795672660287e-06,6.53631884530459e-06,2.99795672660287e-06,6.53631884530459e-06,2.99795672660287e-06
108,M,48.4911784487415,0,0,0,0,0,0,0
108,Y,2.78406670213701,0,0,0,0,0,0,0
108,Z,0.908110874283951,2.69816105394258e-06,5.88268696077413e-06,2.69816105394258e-06,5.88268696077413e-06,2.69816105394258e-06,5.88268696077413e-06,2.69816105394258e-06
109,M,48.1420606038673,0,0,0,0,0,0,0
109,Y,2.77548108639976,0,0,0,0,0,0,0
109,Z,0.898507298780868,2.42834494854832e-06,5.29441826469672e-06,2.42834494854832e-06,5.29441826469672e-06,2.42834494854832e-06,5.29441826469672e-06,2.42834494854832e-06
110,M,47.8278545434806,0,0,0,0,0,0,0
110,Y,2.76594200307536,0,0,0,0,0,0,0
110,Z,0.895287082836331,2.18551045369349e-06,4.76497643822704e-06,2.18551045369349e-06,4.76497643822704e-06,2.18551045369349e-06,4.76497643822704e-06,2.18551045369349e-06
111,M,46.6450690891325,0,0,0,0,0,0,0
111,Y,2.73926673855729,0,0,0,0,0,0,0
111,Z,0.890064788338728,1.96695940832414e-06,4.28847879440434e-06,1.96695940832414e-06,4.28847879440434e-06,1.96695940832414e-06,4.28847879440434e-06,1.96695940832414e-06
112,M,46.4805621802193,0,0,0,0,0,0,0
112,Y,2.72549552580183,0,0,0,0,0,0,0
112,Z,0.887703970739414,1.77026346749173e-06,3.85963091496391e-06,1.77026346749173e-06,3.85963091496391e-06,1.77026346749173e-06,3.85963091496391e-06,1.77026346749173e-06
113,M,47.2325059621973,0,0,0,0,0,0,0
113,Y,2.71770044229259,0,0,0,0,0,0,0
113,Z,0.885387712566657,1.59323712074255e-06,3.47366782346752e-06,1.59323712074255e-06,3.47366782346752e-06,1.59323712074255e-06,3.47366782346752e-06,1.59323712074255e-06
114,M,47.0092553659776,0,0,0,0,0,0,0
114,Y,2.70940698665837,0,0,0,0,0,0,0
114,Z,0.88765469174731,1.4339134086683e-06,3.12630104112076e-06,1.4339134086683e-06,3.12630104112076e-06,1.4339134086683e-06,3.12630104112076e-06,1.4339134086683e-06
115,M,49.5083298293798,0,0,0,0,0,0,0
115,Y,2.70487910743829,0,0,0,0,0,0,0
115,Z,0.885165792360316,1.29052206780147e-06,2.81367093700869e-06,1.29052206780147e-06,2.81367093700869e-06,1.29052206780147e-06,2.81367093700869e-06,1.29052206780147e-06
116,M,49.9574968464419,0,0,0,0,0,0,0
116,Y,2.70328176561523,0,0,0,0,0,0,0
116,Z,0.88385823948324,1.16146986102132e-06,2.53230384330782e-06,1.16146986102132e-06,2.53230384330782e-06,1.16146986102132e-06,2.53230384330782e-06,1.16146986102132e-06
117,M,49.4617471617977,0,0,0,0,0,0,0
117,Y,2.69904665733912,0,0,0,0,0,0,0
117,Z,0.881845680977915,1.04532287491919e-06,2.27907345897704e-06,1.04532287491919e-06,2.27907345897704e-06,1.04532287491919e-06,2.27907345897704e-06,1.04532287491919e-06
118,M,49.9155724456179,0,0,0,0,0,0,0
118,Y,2.69782440512745,0,0,0,0,0,0,0
118,Z,0.875946961737827,9.40790587427271e-07,2.05116611307933e-06,9.40790587427271e-07,2.05116611307933e-06,9.40790587427271e-07,2.05116611307933e-06,9.40790587427271e-07
119,M,45.8240152010561,0,0,0,0,0,0,0
119,Y,2.68453672234787,0,0,0,0,0,0,0
119,Z,0.873660544777135,8.46711528684544e-07,1.8460495017714e-06,8.46711528684544e-07,1.8460495017714e-06,8.46711528684544e-07,1.8460495017714e-06,8.46711528684544e-07
120,M,48.4416136809505,0,0,0,0,0,0,0
120,Y,2.68820418591646,0,0,0,0,0,0,0
120,Z,0.870967196242311,7.62040375816089e-07,1.66144455159426e-06,7.62040375816089e-07,1.66144455159426e-06,7.62040375816089e-07,1.66144455159426e-06,7.62040375816089e-07
121,M,48.0974523128555,0,0,0,0,0,0,0
121,Y,2.68945117547298,0,0,0,0,0,0,0
121,Z,0.86797454860986,6.8583633823448e-07,1.49530009643483e-06,6.8583633823448e-07,1.49530009643483e-06,6.8583633823448e-07,1.49530009643483e-06,6.8583633823448e-07
122,M,49.5877070815699,0,0,0,0,0,0,0
122,Y,2.70141339075096,0,0,0,0,0,0,0
122,Z,0.859604303963144,6.17252704411032e-07,1.34577008679135e-06,6.17252704411032e-07,1.34577008679135e-06,6.17252704411032e-07,1.34577008679135e-06,6.17252704411032e-07
123,M,54.5289363734129,0,0,0,0,0,0,0
123,Y,2.74155949056795,0,0,0,0,0,0,0
123,Z,0.855283413890774,5.55527433969929e-07,1.21119307811222e-06,5.55527433969929e-07,1.21119307811222e-06,5.55527433969929e-07,1.21119307811222e-06,5.55527433969929e-07
124,M,55.3760427360716,0,0,0,0,0,0,0
124,Y,2.78252117111365,0,0,0,0,0,0,0
124,Z,0.852837830258341,4.99974690572936e-07,1.09007377030099e-06,4.99974690572936e-07,1.09007377030099e-06,4.99974690572936e-07,1.09007377030099e-06,4.99974690572936e-07
125,M,57.9384384624645,0,0,0,0,0,0,0
125,Y,2.83442844532525,0,0,0,0,0,0,0
125,Z,0.850235792555276,4.49977221515643e-07,9.81066393270895e-07,4.49977221515643e-07,9.81066393270895e-07,4.49977221515643e-07,9.81066393270895e-07,4.49977221515643e-07
126,M,54.844594616218,0,0,0,0,0,0,0
126,Y,2.86244018389926,0,0,0,0,0,0,0
126,Z,0.848815378976039,4.04979499364078e-07,8.82959753943805e-07,4.04979499364078e-07,8.82959753943805e-07,4.04979499364078e-07,8.82959753943805e-07,4.04979499364078e-07
127,M,54.7601351545962,0,0,0,0,0,0,0
127,Y,2.88474538277377,0,0,0,0,0,0,0
127,Z,0.84831455079444,3.64481549427671e-07,7.94663778549425e-07,3.64481549427671e-07,7.94663778549425e-07,3.64481549427671e-07,7.94663778549425e-07,3.64481549427671e-07
128,M,51.0841216391366,0,0,0,0,0,0,0
128,Y,2.88504350444051,0,0,0,0,0,0,0
128,Z,0.846985920089059,3.28033394484903e-07,7.15197400694482e-07,3.28033394484903e-07,7.15197400694482e-07,3.28033394484903e-07,7.15197400694482e-07,3.28033394484903e-07
129,M,54.9757094752229,0,0,0,0,0,0,0
129,Y,2.91079706308152,0,0,0,0,0,0,0
129,Z,0.846602716426468,2.95230055036413e-07,6.43677660625034e-07,2.95230055036413e-07,6.43677660625034e-07,2.95230055036413e-07,6.43677660625034e-07,2.95230055036413e-07
130,M,55.7781385277006,0,0,0,0,0,0,0
130,Y,2.92508282529649,0,0,0,0,0,0,0
130,Z,0.842433217602027,2.65707049532772e-07,5.79309894562531e-07,2.65707049532772e-07,5.79309894562531e-07,2.65707049532772e-07,5.79309894562531e-07,2.65707049532772e-07
131,M,56.5003246749306,0,0,0,0,0,0,0
131,Y,2.93739697995164,0,0,0,0,0,0,0
131,Z,0.843584391676968,2.39136344579495e-07,5.21378905106278e-07,2.39136344579495e-07,5.21378905106278e-07,2.39136344579495e-07,5.21378905106278e-07,2.39136344579495e-07
132,M,58.9502922074375,0,0,0,0,0,0,0
132,Y,2.94341206645281,0,0,0,0,0,0,0
132,Z,0.843975966844728,2.15222710121545e-07,4.6924101459565e-07,2.15222710121545e-07,4.6924101459565e-07,2.15222710121545e-07,4.6924101459565e-07,2.15222710121545e-07
133,M,55.7552629866938,0,0,0,0,0,0,0
133,Y,2.93165876504825,0,0,0,0,0,0,0
133,Z,0.847730067720208,1.93700439109391e-07,4.22316913136085e-07,1.93700439109391e-07,4.22316913136085e-07,1.93700439109391e-07,4.22316913136085e-07,1.93700439109391e-07
134,M,53.7797366880244,0,0,0,0,0,0,0
134,Y,2.91261039788869,0,0,0,0,0,0,0
134,Z,0.860328547106153,1.74330395198452e-07,3.80085221822476e-07,1.74330395198452e-07,3.80085221822476e-07,1.74330395198452e-07,3.80085221822476e-07,1.74330395198452e-07
135,M,59.201763019222,0,0,0,0,0,0,0
135,Y,2.92463689872634,0,0,0,0,0,0,0
135,Z,0.873182943579563,1.56897355678606e-07,3.42076699640229e-07,1.56897355678606e-07,3.42076699640229e-07,1.56897355678606e-07,3.42076699640229e-07,1.56897355678606e-07
136,M,59.5815867172998,0,0,0,0,0,0,0
136,Y,2.93743881422032,0,0,0,0,0,0,0
136,Z,0.88947216461738,1.41207620110746e-07,3.07869029676206e-07,1.41207620110746e-07,3.07869029676206e-07,1.41207620110746e-07,3.07869029676206e-07,1.41207620110746e-07
137,M,59.9234280455698,0,0,0,0,0,0,0
137,Y,2.95073114925671,0,0,0,0,0,0,0
137,Z,0.898262696535264,1.27086858099671e-07,2.77082126708585e-07,1.27086858099671e-07,2.77082126708585e-07,1.27086858099671e-07,2.77082126708585e-07,1.27086858099671e-07
138,M,57.5310852410128,0,0,0,0,0,0,0
138,Y,2.94980646399034,0,0,0,0,0,0,0
138,Z,0.905262440674594,1.14378172289704e-07,2.49373914037727e-07,1.14378172289704e-07,2.49373914037727e-07,1.14378172289704e-07,2.49373914037727e-07,1.14378172289704e-07
139,M,56.2779767169115,0,0,0,0,0,0,0
139,Y,2.94437517689969,0,0,0,0,0,0,0
139,Z,0.905356117158692,1.02940355060734e-07,2.24436522633954e-07,1.02940355060734e-07,2.24436522633954e-07,1.02940355060734e-07,2.24436522633954e-07,1.02940355060734e-07
140,M,53.3501790452204,0,0,0,0,0,0,0
140,Y,2.93670847853694,0,0,0,0,0,0,0
140,Z,0.913437967218804,9.26463195546603e-08,2.01992870370559e-07,9.26463195546603e-08,2.01992870370559e-07,9.26463195546603e-08,2.01992870370559e-07,9.26463195546603e-08
141,M,54.3151611406984,0,0,0,0,0,0,0
141,Y,2.93540235347258,0,0,0,0,0,0,0
141,Z,0.917921090199468,8.33816875991943e-08,1.81793583333503e-07,8.33816875991943e-08,1.81793583333503e-07,8.33816875991943e-08,1.81793583333503e-07,8.33816875991943e-08
142,M,51.5836450266285,0,0,0,0,0,0,0
142,Y,2.91877903929637,0,0,0,0,0,0,0
142,Z,0.921785491894089,7.50435188392749e-08,1.63614225000153e-07,7.50435188392749e-08,1.63614225000153e-07,7.50435188392749e-08,1.63614225000153e-07,7.50435188392749e-08
143,M,49.1252805239657,0,0,0,0,0,0,0
143,Y,2.8880866054264,0,0,0,0,0,0,0
143,Z,0.923673170308303,6.75391669553474e-08,1.47252802500137e-07,6.75391669553474e-08,1.47252802500137e-07,6.75391669553474e-08,1.47252802500137e-07,6.75391669553474e-08
144,M,49.6127524715691,0,0,0,0,0,0,0
144,Y,2.86334278149865,0,0,0,0,0,0,0
144,Z,0.919984932268888,6.07852502598127e-08,1.32527522250124e-07,6.07852502598127e-08,1.32527522250124e-07,6.07852502598127e-08,1.32527522250124e-07,6.07852502598127e-08
145,M,50.0514772244122,0,0,0,0,0,0,0
145,Y,2.85759527007692,0,0,0,0,0,0,0
145,Z,0.914007418048345,5.47067252338314e-08,1.19274770025111e-07,5.47067252338314e-08,1.19274770025111e-07,5.47067252338314e-08,1.19274770025111e-07,5.47067252338314e-08
146,M,50.446329501971,0,0,0,0,0,0,0
146,Y,2.87110733404217,0,0,0,0,0,0,0
146,Z,0.917781520154187,4.92360527104483e-08,1.073472930226e-07,4.92360527104483e-08,1.073472930226e-07,4.92360527104483e-08,1.073472930226e-07,4.92360527104483e-08
147,M,53.5016965517739,0,0,0,0,0,0,0
147,Y,2.90475982856551,0,0,0,0,0,0,0
147,Z,0.92179894972464,4.43124474394034e-08,9.66125637203401e-08,4.43124474394034e-08,9.66125637203401e-08,4.43124474394034e-08,9.66125637203401e-08,4.43124474394034e-08
148,M,57.1515268965965,0,0,0,0,0,0,0
148,Y,2.96041340322492,0,0,0,0,0,0,0
148,Z,0.925970272860212,3.98812026954631e-08,8.69513073483061e-08,3.98812026954631e-08,8.69513073483061e-08,3.98812026954631e-08,8.69513073483061e-08,3.98812026954631e-08
149,M,56.8363742069368,0,0,0,0,0,0,0
149,Y,3.00567426378258,0,0,0,0,0,0,0
149,Z,0.925680139624513,3.58930824259168e-08,7.82561766134755e-08,3.58930824259168e-08,7.82561766134755e-08,3.58930824259168e-08,7.82561766134755e-08,3.58930824259168e-08
150,M,56.5527367862432,0,0,0,0,0,0,0
150,Y,3.0443470419355,0,0,0,0,0,0,0
150,Z,0.923975782704103,3.23037741833251e-08,7.0430558952128e-08,3.23037741833251e-08,7.0430558952128e-08,3.23037741833251e-08,7.0430558952128e-08,3.23037741833251e-08
151,M,52.6974631076188,0,0,0,0,0,0,0
151,Y,3.05464490851893,0,0,0,0,0,0,0
151,Z,0.921569926187986,2.90733967649926e-08,6.33875030569152e-08,2.90733967649926e-08,6.33875030569152e-08,2.90733967649926e-08,6.33875030569152e-08,2.90733967649926e-08
152,M,51.027716796857,0,0,0,0,0,0,0
152,Y,3.04892715658432,0,0,0,0,0,0,0
152,Z,0.921160081503397,2.61660570884933e-08,5.70487527512237e-08,2.61660570884933e-08,5.70487527512237e-08,2.61660570884933e-08,5.70487527512237e-08,2.61660570884933e-08
153,M,53.1249451171713,0,0,0,0,0,0,0
153,Y,3.05680084868837,0,0,0,0,0,0,0
153,Z,0.915943537453151,2.3549451379644e-08,5.13438774761013e-08,2.3549451379644e-08,5.13438774761013e-08,2.3549451379644e-08,5.13438774761013e-08,2.3549451379644e-08
154,M,51.4124506054541,0,0,0,0,0,0,0
154,Y,3.05321172194808,0,0,0,0,0,0,0
154,Z,0.906311951757306,2.11945062416796e-08,4.62094897284912e-08,2.11945062416796e-08,4.62094897284912e-08,2.11945062416796e-08,4.62094897284912e-08,2.11945062416796e-08
155,M,48.9712055449087,0,0,0,0,0,0,0
155,Y,3.03484623884076,0,0,0,0,0,0,0
155,Z,0.898547100366101,1.90750556175116e-08,4.15885407556421e-08,1.90750556175116e-08,4.15885407556421e-08,1.90750556175116e-08,4.15885407556421e-08,1.90750556175116e-08
156,M,45.8740849904179,0,0,0,0,0,0,0
156,Y,3.0011478742063,0,0,0,0,0,0,0
156,Z,0.896743490851414,1.71675500557605e-08,3.74296866800778e-08,1.71675500557605e-08,3.74296866800778e-08,1.71675500557605e-08,3.74296866800778e-08,1.71675500557605e-08
157,M,49.3866764913761,0,0,0,0,0,0,0
157,Y,2.97918865256756,0,0,0,0,0,0,0
157,Z,0.900983738122295,1.54507950501844e-08,3.36867180120701e-08,1.54507950501844e-08,3.36867180120701e-08,1.54507950501844e-08,3.36867180120701e-08,1.54507950501844e-08
158,M,48.9480088422385,0,0,0,0,0,0,0
158,Y,2.95682977523566,0,0,0,0,0,0,0
158,Z,0.911544264069763,1.3905715545166e-08,3.03180462108631e-08,1.3905715545166e-08,3.03180462108631e-08,1.3905715545166e-08,3.03180462108631e-08,1.3905715545166e-08
159,M,51.2532079580146,0,0,0,0,0,0,0
159,Y,2.93419752548399,0,0,0,0,0,0,0
159,Z,0.929008960431241,1.25151439906494e-08,2.72862415897768e-08,1.25151439906494e-08,2.72862415897768e-08,1.25151439906494e-08,2.72862415897768e-08,1.25151439906494e-08
160,M,50.6278871622132,0,0,0,0,0,0,0
160,Y,2.91227946658683,0,0,0,0,0,0,0
160,Z,0.943212311493144,1.12636295915845e-08,2.45576174307991e-08,1.12636295915845e-08,2.45576174307991e-08,1.12636295915845e-08,2.45576174307991e-08,1.12636295915845e-08
161,M,49.1650984459918,0,0,0,0,0,0,0
161,Y,2.88440174794021,0,0,0,0,0,0,0
161,Z,0.955348251145452,1.0137266632426e-08,2.21018556877192e-08,1.0137266632426e-08,2.21018556877192e-08,1.0137266632426e-08,2.21018556877192e-08,1.0137266632426e-08
162,M,51.4485886013927,0,0,0,0,0,0,0
162,Y,2.87237404665996,0,0,0,0,0,0,0
162,Z,0.958579841675369,9.12353996918341e-09,1.98916701189473e-08,9.12353996918341e-09,1.98916701189473e-08,9.12353996918341e-09,1.98916701189473e-08,9.12353996918341e-09
163,M,51.7037297412534,0,0,0,0,0,0,0
163,Y,2.86509748554461,0,0,0,0,0,0,0
163,Z,0.9567855603235,8.21118597226507e-09,1.79025031070525e-08,8.21118597226507e-09,1.79025031070525e-08,8.21118597226507e-09,1.79025031070525e-08,8.21118597226507e-09
164,M,59.1333567671281,0,0,0,0,0,0,0
164,Y,2.8962778784641,0,0,0,0,0,0,0
164,Z,0.95925641714802,7.39006737503856e-09,1.61122527963473e-08,7.39006737503856e-09,1.61122527963473e-08,7.39006737503856e-09,1.61122527963473e-08,7.39006737503856e-09
165,M,57.7200210904152,0,0,0,0,0,0,0
165,Y,2.90003589284076,0,0,0,0,0,0,0
165,Z,0.958130119076939,6.6510606375347e-09,1.45010275167125e-08,6.6510606375347e-09,1.45010275167125e-08,6.6510606375347e-09,1.45010275167125e-08,6.6510606375347e-09
166,M,53.7480189813737,0,0,0,0,0,0,0
166,Y,2.88214691130807,0,0,0,0,0,0,0
166,Z,0.952366843013206,5.98595457378123e-09,1.30509247650413e-08,5.98595457378123e-09,1.30509247650413e-08,5.98595457378123e-09,1.30509247650413e-08,5.98595457378123e-09
167,M,52.8732170832363,0,0,0,0,0,0,0
167,Y,2.86147674164861,0,0,0,0,0,0,0
167,Z,0.941791945543898,5.38735911640311e-09,1.17458322885372e-08,5.38735911640311e-09,1.17458322885372e-08,5.38735911640311e-09,1.17458322885372e-08,5.38735911640311e-09
168,M,52.0858953749127,0,0,0,0,0,0,0
168,Y,2.81143345440426,0,0,0,0,0,0,0
168,Z,0.934900914893275,4.8486232047628e-09,1.05712490596835e-08,4.8486232047628e-09,1.05712490596835e-08,4.8486232047628e-09,1.05712490596835e-08,4.8486232047628e-09
169,M,53.1773058374214,0,0,0,0,0,0,0
169,Y,2.77160974430832,0,0,0,0,0,0,0
169,Z,0.927884467473198,4.36376088428652e-09,9.5141241537151e-09,4.36376088428652e-09,9.5141241537151e-09,4.36376088428652e-09,9.5141241537151e-09,4.36376088428652e-09
170,M,52.3595752536793,0,0,0,0,0,0,0
170,Y,2.73204144215036,0,0,0,0,0,0,0
170,Z,0.920782232370788,3.92738479585787e-09,8.56271173834359e-09,3.92738479585787e-09,8.56271173834359e-09,3.92738479585787e-09,8.56271173834359e-09,3.92738479585787e-09
171,M,52.5236177283114,0,0,0,0,0,0,0
171,Y,2.71034559714521,0,0,0,0,0,0,0
171,Z,0.913904117457849,3.53464631627208e-09,7.70644056450923e-09,3.53464631627208e-09,7.70644056450923e-09,3.53464631627208e-09,7.70644056450923e-09,3.53464631627208e-09
172,M,50.8712559554802,0,0,0,0,0,0,0
172,Y,2.68448402698734,0,0,0,0,0,0,0
172,Z,0.905155797744966,3.18118168464487e-09,6.93579650805831e-09,3.18118168464487e-09,6.93579650805831e-09,3.18118168464487e-09,6.93579650805831e-09,3.18118168464487e-09
173,M,51.1841303599322,0,0,0,0,0,0,0
173,Y,2.66113495673927,0,0,0,0,0,0,0
173,Z,0.901381381050537,2.86306351618039e-09,6.24221685725248e-09,2.86306351618039e-09,6.24221685725248e-09,2.86306351618039e-09,6.24221685725248e-09,2.86306351618039e-09
174,M,48.765717323939,0,0,0,0,0,0,0
174,Y,2.62805968248004,0,0,0,0,0,0,0
174,Z,0.899097922141969,2.57675716456235e-09,5.61799517152723e-09,2.57675716456235e-09,5.61799517152723e-09,2.57675716456235e-09,5.61799517152723e-09,2.57675716456235e-09
175,M,51.9891455915451,0,0,0,0,0,0,0
175,Y,2.60179144602106,0,0,0,0,0,0,0
175,Z,0.90888266259563,2.31908144810611e-09,5.05619565437451e-09,2.31908144810611e-09,5.05619565437451e-09,2.31908144810611e-09,5.05619565437451e-09,2.31908144810611e-09
176,M,54.8902310323906,0,0,0,0,0,0,0
176,Y,2.62306063586053,0,0,0,0,0,0,0
176,Z,0.910061969816031,2.0871733032955e-09,4.55057608893706e-09,2.0871733032955e-09,4.55057608893706e-09,2.0871733032955e-09,4.55057608893706e-09,2.0871733032955e-09
177,M,53.9012079291515,0,0,0,0,0,0,0
177,Y,2.63702493094255,0,0,0,0,0,0,0
177,Z,0.904448220097686,1.87845597296595e-09,4.09551848004335e-09,1.87845597296595e-09,4.09551848004335e-09,1.87845597296595e-09,4.09551848004335e-09,1.87845597296595e-09
178,M,54.8110871362364,0,0,0,0,0,0,0
178,Y,2.65647104555503,0,0,0,0,0,0,0
178,Z,0.897961703851457,1.69061037566936e-09,3.68596663203902e-09,1.69061037566936e-09,3.68596663203902e-09,1.69061037566936e-09,3.68596663203902e-09,1.69061037566936e-09
179,M,53.8299784226127,0,0,0,0,0,0,0
179,Y,2.66656773677627,0,0,0,0,0,0,0
179,Z,0.882257591865299,1.52154933810242e-09,3.31736996883512e-09,1.52154933810242e-09,3.31736996883512e-09,1.52154933810242e-09,3.31736996883512e-09,1.52154933810242e-09
180,M,54.7469805803515,0,0,0,0,0,0,0
180,Y,2.68050676236955,0,0,0,0,0,0,0
180,Z,0.869760491294446,1.36939440429218e-09,2.9856329719516e-09,1.36939440429218e-09,2.9856329719516e-09,1.36939440429218e-09,2.9856329719516e-09,1.36939440429218e-09
181,M,51.9722825223163,0,0,0,0,0,0,0
181,Y,2.67811133300973,0,0,0,0,0,0,0
181,Z,0.857343540277567,1.23245496386296e-09,2.68706967475644e-09,1.23245496386296e-09,2.68706967475644e-09,1.23245496386296e-09,2.68706967475644e-09,1.23245496386296e-09
182,M,53.9750542700847,0,0,0,0,0,0,0
182,Y,2.68670244763588,0,0,0,0,0,0,0
182,Z,0.850535155546445,1.10920946747666e-09,2.4183627072808e-09,1.10920946747666e-09,2.4183627072808e-09,1.10920946747666e-09,2.4183627072808e-09,1.10920946747666e-09
183,M,57.5775488430762,0,0,0,0,0,0,0
183,Y,2.71370343545108,0,0,0,0,0,0,0
183,Z,0.842419521989741,9.98288520728999e-10,2.17652643655272e-09,9.98288520728999e-10,2.17652643655272e-09,9.98288520728999e-10,2.17652643655272e-09,9.98288520728999e-10
184,M,58.1197939587686,0,0,0,0,0,0,0
184,Y,2.74078065787614,0,0,0,0,0,0,0
184,Z,0.835092337408373,8.98459668656099e-10,1.95887379289745e-09,8.98459668656099e-10,1.95887379289745e-09,8.98459668656099e-10,1.95887379289745e-09,8.98459668656099e-10
185,M,60.4078145628918,0,0,0,0,0,0,0
185,Y,2.79203786066244,0,0,0,0,0,0,0
185,Z,0.824712966841434,8.08613701790489e-10,1.7629864136077e-09,8.08613701790489e-10,1.7629864136077e-09,8.08613701790489e-10,1.7629864136077e-09,8.08613701790489e-10
186,M,61.5670331066026,0,0,0,0,0,0,0
186,Y,2.84452821466333,0,0,0,0,0,0,0
186,Z,0.816469716767782,7.2775233161144e-10,1.58668777224693e-09,7.2775233161144e-10,1.58668777224693e-09,7.2775233161144e-10,1.58668777224693e-09,7.2775233161144e-10
187,M,59.9103297959423,0,0,0,0,0,0,0
187,Y,2.88219962674509,0,0,0,0,0,0,0
187,Z,0.82314421469065,6.54977098450296e-10,1.42801899502224e-09,6.54977098450296e-10,1.42801899502224e-09,6.54977098450296e-10,1.42801899502224e-09,6.54977098450296e-10
188,M,60.2192968163481,0,0,0,0,0,0,0
188,Y,2.92001142138034,0,0,0,0,0,0,0
188,Z,0.827526359157213,5.89479388605266e-10,1.28521709552001e-09,5.89479388605266e-10,1.28521709552001e-09,5.89479388605266e-10,1.28521709552001e-09,5.89479388605266e-10
189,M,58.6973671347133,0,0,0,0,0,0,0
189,Y,2.94525552424964,0,0,0,0,0,0,0
189,Z,0.833628756607995,5.3053144974474e-10,1.15669538596801e-09,5.3053144974474e-10,1.15669538596801e-09,5.3053144974474e-10,1.15669538596801e-09,5.3053144974474e-10
190,M,60.027630421242,0,0,0,0,0,0,0
190,Y,2.9753735363136,0,0,0,0,0,0,0
190,Z,0.836797205868014,4.77478304770266e-10,1.04102584737121e-09,4.77478304770266e-10,1.04102584737121e-09,4.77478304770266e-10,1.04102584737121e-09,4.77478304770266e-10
191,M,62.1248673791178,0,0,0,0,0,0,0
191,Y,3.03176648790847,0,0,0,0,0,0,0
191,Z,0.841171420310766,4.29730474293239e-10,9.36923262634091e-10,4.29730474293239e-10,9.36923262634091e-10,4.29730474293239e-10,9.36923262634091e-10,4.29730474293239e-10
192,M,62.212380641206,0,0,0,0,0,0,0
192,Y,3.08286735525559,0,0,0,0,0,0,0
192,Z,0.84041970965664,3.86757426863915e-10,8.43230936370682e-10,3.86757426863915e-10,8.43230936370682e-10,3.86757426863915e-10,8.43230936370682e-10,3.86757426863915e-10
193,M,64.9911425770854,0,0,0,0,0,0,0
193,Y,3.14513513594707,0,0,0,0,0,0,0
193,Z,0.843115692873602,3.48081684177524e-10,7.58907842733614e-10,3.48081684177524e-10,7.58907842733614e-10,3.48081684177524e-10,7.58907842733614e-10,3.48081684177524e-10
194,M,66.5920283193769,0,0,0,0,0,0,0
194,Y,3.1915278842715,0,0,0,0,0,0,0
194,Z,0.851588889328456,3.13273515759771e-10,6.83017058460252e-10,3.13273515759771e-10,6.83017058460252e-10,3.13273515759771e-10,6.83017058460252e-10,3.13273515759771e-10
195,M,67.1328254874392,0,0,0,0,0,0,0
195,Y,3.23864088669927,0,0,0,0,0,0,0
195,Z,0.860086008974318,2.81946164183794e-10,6.14715352614227e-10,2.81946164183794e-10,6.14715352614227e-10,2.81946164183794e-10,6.14715352614227e-10,2.81946164183794e-10
196,M,62.2195429386952,0,0,0,0,0,0,0
196,Y,3.25281383761668,0,0,0,0,0,0,0
196,Z,0.876171062637167,2.53751547765415e-10,5.53243817352804e-10,2.53751547765415e-10,5.53243817352804e-10,2.53751547765415e-10,5.53243817352804e-10,2.53751547765415e-10
197,M,63.1975886448257,0,0,0,0,0,0,0
197,Y,3.2660929424764,0,0,0,0,0,0,0
197,Z,0.892643092187479,2.28376392988873e-10,4.97919435617524e-10,2.28376392988873e-10,4.97919435617524e-10,2.28376392988873e-10,4.97919435617524e-10,2.28376392988873e-10
198,M,64.9778297803431,0,0,0,0,0,0,0
198,Y,3.28794017731423,0,0,0,0,0,0,0
198,Z,0.90446478071349,2.05538753689986e-10,4.48127492055772e-10,2.05538753689986e-10,4.48127492055772e-10,2.05538753689986e-10,4.48127492055772e-10,2.05538753689986e-10
199,M,60.2800468023088,0,0,0,0,0,0,0
199,Y,3.28110552668658,0,0,0,0,0,0,0
199,Z,0.916330522747789,1.84984878320987e-10,4.03314742850195e-10,1.84984878320987e-10,4.03314742850195e-10,1.84984878320987e-10,4.03314742850195e-10,1.84984878320987e-10
200,M,59.652042122078,0,0,0,0,0,0,0
200,Y,3.27378609320091,0,0,0,0,0,0,0
200,Z,0.924252389915479,1.66486390488889e-10,3.62983268565175e-10,1.66486390488889e-10,3.62983268565175e-10,1.66486390488889e-10,3.62983268565175e-10,1.66486390488889e-10
201,M,58.1868379098701,0,0,0,0,0,0,0
201,Y,3.25669769974734,0,0,0,0,0,0,0
201,Z,0.933703741412983,1.4983775144e-10,3.26684941708658e-10,1.4983775144e-10,3.26684941708658e-10,1.4983775144e-10,3.26684941708658e-10,1.4983775144e-10
202,M,59.5681541188831,0,0,0,0,0,0,0
202,Y,3.24914680062611,0,0,0,0,0,0,0
202,Z,0.951400447329044,1.34853976296e-10,2.94016447537792e-10,1.34853976296e-10,2.94016447537792e-10,1.34853976296e-10,2.94016447537792e-10,1.34853976296e-10
203,M,59.0113387069948,0,0,0,0,0,0,0
203,Y,3.24156101139742,0,0,0,0,0,0,0
203,Z,0.967436441116678,1.213685786664e-10,2.64614802784013e-10,1.213685786664e-10,2.64614802784013e-10,1.213685786664e-10,2.64614802784013e-10,1.213685786664e-10
204,M,60.3102048362953,0,0,0,0,0,0,0
204,Y,3.22517182537772,0,0,0,0,0,0,0
204,Z,0.986976730622923,1.0923172079976e-10,2.38153322505611e-10,1.0923172079976e-10,2.38153322505611e-10,1.0923172079976e-10,2.38153322505611e-10,1.0923172079976e-10
205,M,58.7791843526658,0,0,0,0,0,0,0
205,Y,3.21868840619733,0,0,0,0,0,0,0
205,Z,1.00153526674609,9.83085487197839e-11,2.1433799025505e-10,9.83085487197839e-11,2.1433799025505e-10,9.83085487197839e-11,2.1433799025505e-10,9.83085487197839e-11
206,M,55.6012659173992,0,0,0,0,0,0,0
206,Y,3.19502514330292,0,0,0,0,0,0,0
206,Z,1.01631982622704,8.84776938478055e-11,1.92904191229545e-10,8.84776938478055e-11,1.92904191229545e-10,8.84776938478055e-11,1.92904191229545e-10,8.84776938478055e-11
207,M,50.0411393256593,0,0,0,0,0,0,0
207,Y,3.14238984449202,0,0,0,0,0,0,0
207,Z,1.02076744849773,7.9629924463025e-11,1.73613772106591e-10,7.9629924463025e-11,1.73613772106591e-10,7.9629924463025e-11,1.73613772106591e-10,7.9629924463025e-11
208,M,50.4370253930934,0,0,0,0,0,0,0
208,Y,3.09557407859789,0,0,0,0,0,0,0
208,Z,1.02493457239476,7.16669320167225e-11,1.56252394895932e-10,7.16669320167225e-11,1.56252394895932e-10,7.16669320167225e-11,1.56252394895932e-10,7.16669320167225e-11
209,M,49.893322853784,0,0,0,0,0,0,0
209,Y,3.03678356981519,0,0,0,0,0,0,0
209,Z,1.03179046625905,6.45002388150502e-11,1.40627155406338e-10,6.45002388150502e-11,1.40627155406338e-10,6.45002388150502e-11,1.40627155406338e-10,6.45002388150502e-11
210,M,52.1039905684056,0,0,0,0,0,0,0
210,Y,2.99581674951468,0,0,0,0,0,0,0
210,Z,1.02964568054074,5.80502149335452e-11,1.26564439865705e-10,5.80502149335452e-11,1.26564439865705e-10,5.80502149335452e-11,1.26564439865705e-10,5.80502149335452e-11
211,M,50.4935915115651,0,0,0,0,0,0,0
211,Y,2.95057283792017,0,0,0,0,0,0,0
211,Z,1.02734876481786,5.22451934401907e-11,1.13907995879134e-10,5.22451934401907e-11,1.13907995879134e-10,5.22451934401907e-11,1.13907995879134e-10,5.22451934401907e-11
212,M,49.0442323604086,0,0,0,0,0,0,0
212,Y,2.90235770417899,0,0,0,0,0,0,0
212,Z,1.02198624593804,4.70206740961716e-11,1.02517196291221e-10,4.70206740961716e-11,1.02517196291221e-10,4.70206740961716e-11,1.02517196291221e-10,4.70206740961716e-11
213,M,47.7398091243677,0,0,0,0,0,0,0
213,Y,2.85225393348363,0,0,0,0,0,0,0
213,Z,1.01961669383425,4.23186066865545e-11,9.22654766620987e-11,4.23186066865545e-11,9.22654766620987e-11,4.23186066865545e-11,9.22654766620987e-11,4.23186066865545e-11
214,M,49.2658282119309,0,0,0,0,0,0,0
214,Y,2.80181561062099,0,0,0,0,0,0,0
214,Z,1.01723619284,3.8086746017899e-11,8.30389289958888e-11,3.8086746017899e-11,8.30389289958888e-11,3.8086746017899e-11,8.30389289958888e-11,3.8086746017899e-11
215,M,49.7392453907378,0,0,0,0,0,0,0
215,Y,2.77278647102448,0,0,0,0,0,0,0
215,Z,1.0120930926466,3.42780714161091e-11,7.47350360963e-11,3.42780714161091e-11,7.47350360963e-11,3.42780714161091e-11,7.47350360963e-11,3.42780714161091e-11
216,M,50.1653208516641,0,0,0,0,0,0,0
216,Y,2.74916616738656,0,0,0,0,0,0,0
216,Z,1.01005852704568,3.08502642744982e-11,6.726153248667e-11,3.08502642744982e-11,6.726153248667e-11,3.08502642744982e-11,6.726153248667e-11,3.08502642744982e-11
217,M,49.6487887664977,0,0,0,0,0,0,0
217,Y,2.72527318836058,0,0,0,0,0,0,0
217,Z,1.00263274444446,2.77652378470484e-11,6.0535379238003e-11,2.77652378470484e-11,6.0535379238003e-11,2.77652378470484e-11,6.0535379238003e-11,2.77652378470484e-11
218,M,50.0839098898479,0,0,0,0,0,0,0
218,Y,2.72017800089079,0,0,0,0,0,0,0
218,Z,0.986115229979035,2.49887140623435e-11,5.44818413142027e-11,2.49887140623435e-11,5.44818413142027e-11,2.49887140623435e-11,5.44818413142027e-11,2.49887140623435e-11
219,M,50.4755189008631,0,0,0,0,0,0,0
219,Y,2.71791896271471,0,0,0,0,0,0,0
219,Z,0.971423946604205,2.24898426561092e-11,4.90336571827824e-11,2.24898426561092e-11,4.90336571827824e-11,2.24898426561092e-11,4.90336571827824e-11,2.24898426561092e-11
220,M,54.4279670107768,0,0,0,0,0,0,0
220,Y,2.73809805210818,0,0,0,0,0,0,0
220,Z,0.952974862022807,2.02408583904983e-11,4.41302914645042e-11,2.02408583904983e-11,4.41302914645042e-11,2.02408583904983e-11,4.41302914645042e-11,2.02408583904983e-11
221,M,53.4851703096991,0,0,0,0,0,0,0
221,Y,2.7508617413618,0,0,0,0,0,0,0
221,Z,0.940119039746114,1.82167725514484e-11,3.97172623180537e-11,1.82167725514484e-11,3.97172623180537e-11,1.82167725514484e-11,3.97172623180537e-11,1.82167725514484e-11
222,M,51.7366532787292,0,0,0,0,0,0,0
222,Y,2.75246348984578,0,0,0,0,0,0,0
222,Z,0.925921020898747,1.63950952963036e-11,3.57455360862484e-11,1.63950952963036e-11,3.57455360862484e-11,1.63950952963036e-11,3.57455360862484e-11,1.63950952963036e-11
223,M,47.4629879508563,0,0,0,0,0,0,0
223,Y,2.72989269296552,0,0,0,0,0,0,0
223,Z,0.91079060105646,1.47555857666732e-11,3.21709824776235e-11,1.47555857666732e-11,3.21709824776235e-11,1.47555857666732e-11,3.21709824776235e-11,1.47555857666732e-11
224,M,48.1166891557707,0,0,0,0,0,0,0
224,Y,2.7267649294244,0,0,0,0,0,0,0
224,Z,0.89506750692403,1.32800271900059e-11,2.89538842298612e-11,1.32800271900059e-11,2.89538842298612e-11,1.32800271900059e-11,2.89538842298612e-11,1.32800271900059e-11
225,M,49.6050202401936,0,0,0,0,0,0,0
225,Y,2.73286328675412,0,0,0,0,0,0,0
225,Z,0.879239426774977,1.19520244710053e-11,2.60584958068751e-11,1.19520244710053e-11,2.60584958068751e-11,1.19520244710053e-11,2.60584958068751e-11,1.19520244710053e-11
226,M,49.1445182161742,0,0,0,0,0,0,0
226,Y,2.72381113347306,0,0,0,0,0,0,0
226,Z,0.870129775187042,1.07568220239048e-11,2.34526462261876e-11,1.07568220239048e-11,2.34526462261876e-11,1.07568220239048e-11,2.34526462261876e-11,1.07568220239048e-11
227,M,48.7300663945568,0,0,0,0,0,0,0
227,Y,2.69959834442701,0,0,0,0,0,0,0
227,Z,0.862717473634142,9.68113982151432e-12,2.11073816035688e-11,9.68113982151432e-12,2.11073816035688e-11,9.68113982151432e-12,2.11073816035688e-11,9.68113982151432e-12
228,M,47.4570597551011,0,0,0,0,0,0,0
228,Y,2.67099945008796,0,0,0,0,0,0,0
228,Z,0.855219603654025,8.71302583936289e-12,1.89966434432119e-11,8.71302583936289e-12,1.89966434432119e-11,8.71302583936289e-12,1.89966434432119e-11,8.71302583936289e-12
229,M,48.111353779591,0,0,0,0,0,0,0
229,Y,2.63371536302126,0,0,0,0,0,0,0
229,Z,0.85362067984629,7.8417232554266e-12,1.70969790988907e-11,7.8417232554266e-12,1.70969790988907e-11,7.8417232554266e-12,1.70969790988907e-11,7.8417232554266e-12
230,M,47.8002184016319,0,0,0,0,0,0,0
230,Y,2.59865461541089,0,0,0,0,0,0,0
230,Z,0.85291176973808,7.05755092988394e-12,1.53872811890017e-11,7.05755092988394e-12,1.53872811890017e-11,7.05755092988394e-12,1.53872811890017e-11,7.05755092988394e-12
231,M,45.7201965614687,0,0,0,0,0,0,0
231,Y,2.55839583331415,0,0,0,0,0,0,0
231,Z,0.859244181816771,6.35179583689554e-12,1.38485530701015e-11,6.35179583689554e-12,1.38485530701015e-11,6.35179583689554e-12,1.38485530701015e-11,6.35179583689554e-12
232,M,45.6481769053219,0,0,0,0,0,0,0
232,Y,2.52199336925178,0,0,0,0,0,0,0
232,Z,0.863249562756574,5.71661625320599e-12,1.24636977630913e-11,5.71661625320599e-12,1.24636977630913e-11,5.71661625320599e-12,1.24636977630913e-11,5.71661625320599e-12
233,M,44.6833592147897,0,0,0,0,0,0,0
233,Y,2.49705102216812,0,0,0,0,0,0,0
233,Z,0.863752208409253,5.14495462788539e-12,1.12173279867822e-11,5.14495462788539e-12,1.12173279867822e-11,5.14495462788539e-12,1.12173279867822e-11,5.14495462788539e-12
234,M,45.6150232933107,0,0,0,0,0,0,0
234,Y,2.47980873778369,0,0,0,0,0,0,0
234,Z,0.856669253191553,4.63045916509685e-12,1.0095595188104e-11,4.63045916509685e-12,1.0095595188104e-11,4.63045916509685e-12,1.0095595188104e-11,4.63045916509685e-12
235,M,46.4535209639796,0,0,0,0,0,0,0
235,Y,2.45744313076334,0,0,0,0,0,0,0
235,Z,0.855687727855254,4.16741324858717e-12,9.08603566929359e-12,4.16741324858717e-12,9.08603566929359e-12,4.16741324858717e-12,9.08603566929359e-12,4.16741324858717e-12
236,M,48.1081688675817,0,0,0,0,0,0,0
236,Y,2.428909487446,0,0,0,0,0,0,0
236,Z,0.857601457008535,3.75067192372845e-12,8.17743210236423e-12,3.75067192372845e-12,8.17743210236423e-12,3.75067192372845e-12,8.17743210236423e-12,3.75067192372845e-12
237,M,49.5973519808235,0,0,0,0,0,0,0
237,Y,2.42418580697191,0,0,0,0,0,0,0
237,Z,0.854760795395534,3.37560473135561e-12,7.35968889212781e-12,3.37560473135561e-12,7.35968889212781e-12,3.37560473135561e-12,7.35968889212781e-12,3.37560473135561e-12
238,M,49.1376167827412,0,0,0,0,0,0,0
238,Y,2.41774535380262,0,0,0,0,0,0,0
238,Z,0.847162565635615,3.03804425822005e-12,6.62372000291503e-12,3.03804425822005e-12,6.62372000291503e-12,3.03804425822005e-12,6.62372000291503e-12,3.03804425822005e-12
239,M,50.523855104467,0,0,0,0,0,0,0
239,Y,2.41894539939074,0,0,0,0,0,0,0
239,Z,0.838187929558823,2.73423983239804e-12,5.96134800262353e-12,2.73423983239804e-12,5.96134800262353e-12,2.73423983239804e-12,5.96134800262353e-12,2.73423983239804e-12
240,M,49.0714695940203,0,0,0,0,0,0,0
240,Y,2.41272098568204,0,0,0,0,0,0,0
240,Z,0.826487787974684,2.46081584915824e-12,5.36521320236117e-12,2.46081584915824e-12,5.36521320236117e-12,2.46081584915824e-12,5.36521320236117e-12,2.46081584915824e-12
241,M,49.5643226346183,0,0,0,0,0,0,0
241,Y,2.40962402269865,0,0,0,0,0,0,0
241,Z,0.815485353870353,2.21473426424241e-12,4.82869188212506e-12,2.21473426424241e-12,4.82869188212506e-12,2.21473426424241e-12,4.82869188212506e-12,2.21473426424241e-12
242,M,50.0078903711565,0,0,0,0,0,0,0
242,Y,2.38255030495359,0,0,0,0,0,0,0
242,Z,0.802851721465094,1.99326083781817e-12,4.34582269391255e-12,1.99326083781817e-12,4.34582269391255e-12,1.99326083781817e-12,4.34582269391255e-12,1.99326083781817e-12
243,M,49.5071013340408,0,0,0,0,0,0,0
243,Y,2.35586215974962,0,0,0,0,0,0,0
243,Z,0.791428242520678,1.79393475403635e-12,3.91124042452129e-12,1.79393475403635e-12,3.91124042452129e-12,1.79393475403635e-12,3.91124042452129e-12,1.79393475403635e-12
244,M,47.2563912006367,0,0,0,0,0,0,0
244,Y,2.30855183967476,0,0,0,0,0,0,0
244,Z,0.783601069716395,1.61454127863272e-12,3.52011638206917e-12,1.61454127863272e-12,3.52011638206917e-12,1.61454127863272e-12,3.52011638206917e-12,1.61454127863272e-12
245,M,48.8307520805731,0,0,0,0,0,0,0
245,Y,2.27261638600399,0,0,0,0,0,0,0
245,Z,0.778190258177498,1.45308715076945e-12,3.16810474386225e-12,1.45308715076945e-12,3.16810474386225e-12,1.45308715076945e-12,3.16810474386225e-12,1.45308715076945e-12
246,M,46.6476768725158,0,0,0,0,0,0,0
246,Y,2.23130708084121,0,0,0,0,0,0,0
246,Z,0.771171693708085,1.3077784356925e-12,2.85129426947602e-12,1.3077784356925e-12,2.85129426947602e-12,1.3077784356925e-12,2.85129426947602e-12,1.3077784356925e-12
247,M,42.8829091852642,0,0,0,0,0,0,0
247,Y,2.17858794267909,0,0,0,0,0,0,0
247,Z,0.762217534091453,1.17700059212325e-12,2.56616484252842e-12,1.17700059212325e-12,2.56616484252842e-12,1.17700059212325e-12,2.56616484252842e-12,1.17700059212325e-12
248,M,47.5946182667378,0,0,0,0,0,0,0
248,Y,2.1509822008386,0,0,0,0,0,0,0
248,Z,0.760735193107406,1.05930053291093e-12,2.30954835827558e-12,1.05930053291093e-12,2.30954835827558e-12,1.05930053291093e-12,2.30954835827558e-12,1.05930053291093e-12
249,M,46.435156440064,0,0,0,0,0,0,0
249,Y,2.12140668284613,0,0,0,0,0,0,0
249,Z,0.758714110660397,9.53370479619834e-13,2.07859352244802e-12,9.53370479619834e-13,2.07859352244802e-12,9.53370479619834e-13,2.07859352244802e-12,9.53370479619834e-13
250,M,44.4916407960576,0,0,0,0,0,0,0
250,Y,2.08810231920316,0,0,0,0,0,0,0
250,Z,0.759090697682764,8.58033431657851e-13,1.87073417020322e-12,8.58033431657851e-13,1.87073417020322e-12,8.58033431657851e-13,1.87073417020322e-12,8.58033431657851e-13
251,M,48.1424767164518,0,0,0,0,0,0,0
251,Y,2.07359738548076,0,0,0,0,0,0,0
251,Z,0.757137410707447,7.72230088492066e-13,1.6836607531829e-12,7.72230088492066e-13,1.6836607531829e-12,7.72230088492066e-13,1.6836607531829e-12,7.72230088492066e-13
252,M,44.2282290448067,0,0,0,0,0,0,0
252,Y,2.04285932150009,0,0,0,0,0,0,0
252,Z,0.756165550908388,6.95007079642859e-13,1.51529467786461e-12,6.95007079642859e-13,1.51529467786461e-12,6.95007079642859e-13,1.51529467786461e-12,6.95007079642859e-13
253,M,46.105406140326,0,0,0,0,0,0,0
253,Y,2.02312709578391,0,0,0,0,0,0,0
253,Z,0.747669531405184,6.25506371678573e-13,1.36376521007815e-12,6.25506371678573e-13,1.36376521007815e-12,6.25506371678573e-13,1.36376521007815e-12,6.25506371678573e-13
254,M,46.8948655262934,0,0,0,0,0,0,0
254,Y,2.0220582195179,0,0,0,0,0,0,0
254,Z,0.739294508650861,5.62955734510716e-13,1.22738868907033e-12,5.62955734510716e-13,1.22738868907033e-12,5.62955734510716e-13,1.22738868907033e-12,5.62955734510716e-13
255,M,44.9053789736641,0,0,0,0,0,0,0
255,Y,2.02504792175039,0,0,0,0,0,0,0
255,Z,0.724448028907566,5.06660161059644e-13,1.1046498201633e-12,5.06660161059644e-13,1.1046498201633e-12,5.06660161059644e-13,1.1046498201633e-12,5.06660161059644e-13
256,M,50.3148410762977,0,0,0,0,0,0,0
256,Y,2.06615104622378,0,0,0,0,0,0,0
256,Z,0.713171102770921,4.5599414495368e-13,9.94184838146969e-13,4.5599414495368e-13,9.94184838146969e-13,4.5599414495368e-13,9.94184838146969e-13,4.5599414495368e-13
257,M,51.5833569686679,0,0,0,0,0,0,0
257,Y,2.12401753707777,0,0,0,0,0,0,0
257,Z,0.700207805094214,4.10394730458312e-13,8.94766354332272e-13,4.10394730458312e-13,8.94766354332272e-13,4.10394730458312e-13,8.94766354332272e-13,4.10394730458312e-13
258,M,50.0250212718011,0,0,0,0,0,0,0
258,Y,2.16763453972606,0,0,0,0,0,0,0
258,Z,0.683663980922647,3.69355257412481e-13,8.05289718899045e-13,3.69355257412481e-13,8.05289718899045e-13,3.69355257412481e-13,8.05289718899045e-13,3.69355257412481e-13
259,M,48.622519144621,0,0,0,0,0,0,0
259,Y,2.19921875517712,0,0,0,0,0,0,0
259,Z,0.675001006620574,3.32419731671233e-13,7.24760747009141e-13,3.32419731671233e-13,7.24760747009141e-13,3.32419731671233e-13,7.24760747009141e-13,3.32419731671233e-13
260,M,46.4602672301589,0,0,0,0,0,0,0
260,Y,2.21771525988803,0,0,0,0,0,0,0
260,Z,0.665719895690042,2.99177758504109e-13,6.52284672308227e-13,2.99177758504109e-13,6.52284672308227e-13,2.99177758504109e-13,6.52284672308227e-13,2.99177758504109e-13
261,M,45.414240507143,0,0,0,0,0,0,0
261,Y,2.22867848418019,0,0,0,0,0,0,0
261,Z,0.655268633483165,2.69259982653699e-13,5.87056205077404e-13,2.69259982653699e-13,5.87056205077404e-13,2.69259982653699e-13,5.87056205077404e-13,2.69259982653699e-13
262,M,47.1728164564287,0,0,0,0,0,0,0
262,Y,2.24791907068715,0,0,0,0,0,0,0
262,Z,0.650716831585782,2.42333984388329e-13,5.28350584569664e-13,2.42333984388329e-13,5.28350584569664e-13,2.42333984388329e-13,5.28350584569664e-13,2.42333984388329e-13
263,M,46.0555348107858,0,0,0,0,0,0,0
263,Y,2.25915381931049,0,0,0,0,0,0,0
263,Z,0.641070901405616,2.18100585949496e-13,4.75515526112697e-13,2.18100585949496e-13,4.75515526112697e-13,2.18100585949496e-13,4.75515526112697e-13,2.18100585949496e-13
264,M,46.8499813297073,0,0,0,0,0,0,0
264,Y,2.25857581712336,0,0,0,0,0,0,0
264,Z,0.634878719891672,1.96290527354546e-13,4.27963973501428e-13,1.96290527354546e-13,4.27963973501428e-13,1.96290527354546e-13,4.27963973501428e-13,1.96290527354546e-13
265,M,49.3649831967365,0,0,0,0,0,0,0
265,Y,2.27058961065035,0,0,0,0,0,0,0
265,Z,0.6345432951937,1.76661474619092e-13,3.85167576151285e-13,1.76661474619092e-13,3.85167576151285e-13,1.76661474619092e-13,3.85167576151285e-13,1.76661474619092e-13
266,M,50.7284848770629,0,0,0,0,0,0,0
266,Y,2.29179727009061,0,0,0,0,0,0,0
266,Z,0.635481495433599,1.58995327157182e-13,3.46650818536156e-13,1.58995327157182e-13,3.46650818536156e-13,1.58995327157182e-13,3.46650818536156e-13,1.58995327157182e-13
267,M,49.2556363893566,0,0,0,0,0,0,0
267,Y,2.3033017492748,0,0,0,0,0,0,0
267,Z,0.648380091425924,1.43095794441464e-13,3.11985736682541e-13,1.43095794441464e-13,3.11985736682541e-13,1.43095794441464e-13,3.11985736682541e-13,1.43095794441464e-13
268,M,48.8300727504209,0,0,0,0,0,0,0
268,Y,2.31319916832922,0,0,0,0,0,0,0
268,Z,0.666539209414607,1.28786214997318e-13,2.80787163014287e-13,1.28786214997318e-13,2.80787163014287e-13,1.28786214997318e-13,2.80787163014287e-13,1.28786214997318e-13
269,M,50.2470654753788,0,0,0,0,0,0,0
269,Y,2.34575897372927,0,0,0,0,0,0,0
269,Z,0.680226687015465,1.15907593497586e-13,2.52708446712858e-13,1.15907593497586e-13,2.52708446712858e-13,1.15907593497586e-13,2.52708446712858e-13,1.15907593497586e-13
270,M,50.622358927841,0,0,0,0,0,0,0
270,Y,2.37708175151025,0,0,0,0,0,0,0
270,Z,0.690138148493321,1.04316834147827e-13,2.27437602041572e-13,1.04316834147827e-13,2.27437602041572e-13,1.04316834147827e-13,2.27437602041572e-13,1.04316834147827e-13
271,M,51.8601230350569,0,0,0,0,0,0,0
271,Y,2.40988435358814,0,0,0,0,0,0,0
271,Z,0.695942547662346,9.38851507330447e-14,2.04693841837415e-13,9.38851507330447e-14,2.04693841837415e-13,9.38851507330447e-14,2.04693841837415e-13,9.38851507330447e-14
272,M,52.0741107315512,0,0,0,0,0,0,0
272,Y,2.44039529584859,0,0,0,0,0,0,0
272,Z,0.699382923612636,8.44966356597402e-14,1.84224457653674e-13,8.44966356597402e-14,1.84224457653674e-13,8.44966356597402e-14,1.84224457653674e-13,8.44966356597402e-14
273,M,51.3666996583961,0,0,0,0,0,0,0
273,Y,2.46385711556862,0,0,0,0,0,0,0
273,Z,0.705420823533596,7.60469720937662e-14,1.65802011888306e-13,7.60469720937662e-14,1.65802011888306e-13,7.60469720937662e-14,1.65802011888306e-13,7.60469720937662e-14
274,M,51.6300296925565,0,0,0,0,0,0,0
274,Y,2.48431386033732,0,0,0,0,0,0,0
274,Z,0.70894640669609,6.84422748843896e-14,1.49221810699476e-13,6.84422748843896e-14,1.49221810699476e-13,6.84422748843896e-14,1.49221810699476e-13,6.84422748843896e-14
275,M,52.7670267233008,0,0,0,0,0,0,0
275,Y,2.50675902400784,0,0,0,0,0,0,0
275,Z,0.708765023485279,6.15980473959506e-14,1.34299629629528e-13,6.15980473959506e-14,1.34299629629528e-13,6.15980473959506e-14,1.34299629629528e-13,6.15980473959506e-14
276,M,51.0903240509707,0,0,0,0,0,0,0
276,Y,2.51784912008045,0,0,0,0,0,0,0
276,Z,0.712535079193352,5.54382426563556e-14,1.20869666666575e-13,5.54382426563556e-14,1.20869666666575e-13,5.54382426563556e-14,1.20869666666575e-13,5.54382426563556e-14
277,M,53.1812916458737,0,0,0,0,0,0,0
277,Y,2.53898480299799,0,0,0,0,0,0,0
277,Z,0.719190267444034,4.989441839072e-14,1.08782699999918e-13,4.989441839072e-14,1.08782699999918e-13,4.989441839072e-14,1.08782699999918e-13,4.989441839072e-14
278,M,52.3631624812863,0,0,0,0,0,0,0
278,Y,2.55157437152026,0,0,0,0,0,0,0
278,Z,0.722800494914582,4.4904976551648e-14,9.79044299999259e-14,4.4904976551648e-14,9.79044299999259e-14,4.4904976551648e-14,9.79044299999259e-14,4.4904976551648e-14
279,M,55.2268462331577,0,0,0,0,0,0,0
279,Y,2.58012459616583,0,0,0,0,0,0,0
279,Z,0.72590640988785,4.04144788964832e-14,8.81139869999333e-14,4.04144788964832e-14,8.81139869999333e-14,4.04144788964832e-14,8.81139869999333e-14,4.04144788964832e-14
280,M,53.3041616098419,0,0,0,0,0,0,0
280,Y,2.59341053068926,0,0,0,0,0,0,0
280,Z,0.736124021829057,3.63730310068349e-14,7.930258829994e-14,3.63730310068349e-14,7.930258829994e-14,3.63730310068349e-14,7.930258829994e-14,3.63730310068349e-14
281,M,53.3737454488577,0,0,0,0,0,0,0
281,Y,2.60764268078575,0,0,0,0,0,0,0
281,Z,0.745953441395742,3.27357279061514e-14,7.1372329469946e-14,3.27357279061514e-14,7.1372329469946e-14,3.27357279061514e-14,7.1372329469946e-14,3.27357279061514e-14
282,M,55.2363709039719,0,0,0,0,0,0,0
282,Y,2.62832716825366,0,0,0,0,0,0,0
282,Z,0.756247245507144,2.94621551155363e-14,6.42350965229514e-14,2.94621551155363e-14,6.42350965229514e-14,2.94621551155363e-14,6.42350965229514e-14,2.94621551155363e-14
283,M,57.8127338135747,0,0,0,0,0,0,0
283,Y,2.6605386338267,0,0,0,0,0,0,0
283,Z,0.765821902485194,2.65159396039826e-14,5.78115868706563e-14,2.65159396039826e-14,5.78115868706563e-14,2.65159396039826e-14,5.78115868706563e-14,2.65159396039826e-14
284,M,55.6314604322173,0,0,0,0,0,0,0
284,Y,2.67776765632161,0,0,0,0,0,0,0
284,Z,0.77318447011692,2.38643456435844e-14,5.20304281835906e-14,2.38643456435844e-14,5.20304281835906e-14,2.38643456435844e-14,5.20304281835906e-14,2.38643456435844e-14
285,M,54.5683143889955,0,0,0,0,0,0,0
285,Y,2.68753408653639,0,0,0,0,0,0,0
285,Z,0.779604013386874,2.14779110792259e-14,4.68273853652316e-14,2.14779110792259e-14,4.68273853652316e-14,2.14779110792259e-14,4.68273853652316e-14,2.14779110792259e-14
286,M,53.611482950096,0,0,0,0,0,0,0
286,Y,2.67616169583645,0,0,0,0,0,0,0
286,Z,0.78664754357768,1.93301199713033e-14,4.21446468287084e-14,1.93301199713033e-14,4.21446468287084e-14,1.93301199713033e-14,4.21446468287084e-14,1.93301199713033e-14
287,M,54.5503346550864,0,0,0,0,0,0,0
287,Y,2.6570859064541,0,0,0,0,0,0,0
287,Z,0.79012773323694,1.7397107974173e-14,3.79301821458376e-14,1.7397107974173e-14,3.79301821458376e-14,1.7397107974173e-14,3.79301821458376e-14,1.7397107974173e-14
288,M,56.2953011895777,0,0,0,0,0,0,0
288,Y,2.64821441425222,0,0,0,0,0,0,0
288,Z,0.796760334492083,1.56573971767557e-14,3.41371639312538e-14,1.56573971767557e-14,3.41371639312538e-14,1.56573971767557e-14,3.41371639312538e-14,1.56573971767557e-14
289,M,59.66577107062,0,0,0,0,0,0,0
289,Y,2.6753918831713,0,0,0,0,0,0,0
289,Z,0.80071107449459,1.40916574590801e-14,3.07234475381284e-14,1.40916574590801e-14,3.07234475381284e-14,1.40916574590801e-14,3.07234475381284e-14,1.40916574590801e-14
290,M,58.199193963558,0,0,0,0,0,0,0
290,Y,2.69238752398553,0,0,0,0,0,0,0
290,Z,0.809670437509133,1.26824917131721e-14,2.76511027843156e-14,1.26824917131721e-14,2.76511027843156e-14,1.26824917131721e-14,2.76511027843156e-14,1.26824917131721e-14
291,M,53.2792745672022,0,0,0,0,0,0,0
291,Y,2.68062182217063,0,0,0,0,0,0,0
291,Z,0.813839704541557,1.14142425418549e-14,2.4885992505884e-14,1.14142425418549e-14,2.4885992505884e-14,1.14142425418549e-14,2.4885992505884e-14,1.14142425418549e-14
292,M,49.751347110482,0,0,0,0,0,0,0
292,Y,2.66620665914348,0,0,0,0,0,0,0
292,Z,0.818305904046992,1.02728182876694e-14,2.23973932552956e-14,1.02728182876694e-14,2.23973932552956e-14,1.02728182876694e-14,2.23973932552956e-14,1.02728182876694e-14
293,M,53.7762123994338,0,0,0,0,0,0,0
293,Y,2.67497900713208,0,0,0,0,0,0,0
293,Z,0.824796915389122,9.24553645890248e-15,2.01576539297661e-14,9.24553645890248e-15,2.01576539297661e-14,9.24553645890248e-15,2.01576539297661e-14,9.24553645890248e-15
294,M,51.9985911594904,0,0,0,0,0,0,0
294,Y,2.6604906756905,0,0,0,0,0,0,0
294,Z,0.83490521460154,8.32098281301223e-15,1.81418885367895e-14,8.32098281301223e-15,1.81418885367895e-14,8.32098281301223e-15,1.81418885367895e-14,8.32098281301223e-15
295,M,49.4987320435414,0,0,0,0,0,0,0
295,Y,2.63467415220017,0,0,0,0,0,0,0
295,Z,0.840311864420728,7.48888453171101e-15,1.63276996831105e-14,7.48888453171101e-15,1.63276996831105e-14,7.48888453171101e-15,1.63276996831105e-14,7.48888453171101e-15
296,M,47.2488588391872,0,0,0,0,0,0,0
296,Y,2.60177814534767,0,0,0,0,0,0,0
296,Z,0.843376673708106,6.73999607853991e-15,1.46949297147995e-14,6.73999607853991e-15,1.46949297147995e-14,6.73999607853991e-15,1.46949297147995e-14,6.73999607853991e-15
297,M,47.0239729552685,0,0,0,0,0,0,0
297,Y,2.58279899073213,0,0,0,0,0,0,0
297,Z,0.839807897003596,6.06599647068592e-15,1.32254367433195e-14,6.06599647068592e-15,1.32254367433195e-14,6.06599647068592e-15,1.32254367433195e-14,6.06599647068592e-15
298,M,49.5215756597417,0,0,0,0,0,0,0
298,Y,2.59745124191103,0,0,0,0,0,0,0
298,Z,0.83382171216664,5.45939682361733e-15,1.19028930689876e-14,5.45939682361733e-15,1.19028930689876e-14,5.45939682361733e-15,1.19028930689876e-14,5.45939682361733e-15
299,M,48.1694180937675,0,0,0,0,0,0,0
299,Y,2.60091011010401,0,0,0,0,0,0,0
299,Z,0.831037743910566,4.91345714125559e-15,1.07126037620888e-14,4.91345714125559e-15,1.07126037620888e-14,4.91345714125559e-15,1.07126037620888e-14,4.91345714125559e-15
300,M,46.9524762843907,0,0,0,0,0,0,0
300,Y,2.58361980654724,0,0,0,0,0,0,0
300,Z,0.839566321632287,4.42211142713004e-15,9.64134338587993e-15,4.42211142713004e-15,9.64134338587993e-15,4.42211142713004e-15,9.64134338587993e-15,4.42211142713004e-15
301,M,47.6572286559517,0,0,0,0,0,0,0
301,Y,2.58547762290485,0,0,0,0,0,0,0
301,Z,0.844899733807135,3.97990028441703e-15,8.67720904729193e-15,3.97990028441703e-15,8.67720904729193e-15,3.97990028441703e-15,8.67720904729193e-15,3.97990028441703e-15
302,M,46.4915057903565,0,0,0,0,0,0,0
302,Y,2.57868103532294,0,0,0,0,0,0,0
302,Z,0.84120753190719,3.58191025597533e-15,7.80948814256274e-15,3.58191025597533e-15,7.80948814256274e-15,3.58191025597533e-15,7.80948814256274e-15,3.58191025597533e-15
303,M,48.1423552113208,0,0,0,0,0,0,0
303,Y,2.58199582265964,0,0,0,0,0,0,0
303,Z,0.83668390100491,3.2237192303778e-15,7.02853932830647e-15,3.2237192303778e-15,7.02853932830647e-15,3.2237192303778e-15,7.02853932830647e-15,3.2237192303778e-15
304,M,49.6281196901888,0,0,0,0,0,0,0
304,Y,2.60751783407827,0,0,0,0,0,0,0
304,Z,0.839436756756323,2.90134730734002e-15,6.32568539547582e-15,2.90134730734002e-15,6.32568539547582e-15,2.90134730734002e-15,6.32568539547582e-15,2.90134730734002e-15
305,M,51.8653077211699,0,0,0,0,0,0,0
305,Y,2.64387649752224,0,0,0,0,0,0,0
305,Z,0.834890164830295,2.61121257660601e-15,5.69311685592824e-15,2.61121257660601e-15,5.69311685592824e-15,2.61121257660601e-15,5.69311685592824e-15,2.61121257660601e-15
306,M,54.7787769490529,0,0,0,0,0,0,0
306,Y,2.69621342733114,0,0,0,0,0,0,0
306,Z,0.826788666204826,2.35009131894541e-15,5.12380517033541e-15,2.35009131894541e-15,5.12380517033541e-15,2.35009131894541e-15,5.12380517033541e-15,2.35009131894541e-15
307,M,56.5008992541476,0,0,0,0,0,0,0
307,Y,2.74868725208997,0,0,0,0,0,0,0
307,Z,0.816465550685466,2.11508218705087e-15,4.61142465330187e-15,2.11508218705087e-15,4.61142465330187e-15,2.11508218705087e-15,4.61142465330187e-15,2.11508218705087e-15
308,M,55.3508093287329,0,0,0,0,0,0,0
308,Y,2.78646581577645,0,0,0,0,0,0,0
308,Z,0.810509690862279,1.90357396834578e-15,4.15028218797169e-15,1.90357396834578e-15,4.15028218797169e-15,1.90357396834578e-15,4.15028218797169e-15,1.90357396834578e-15
309,M,54.3157283958596,0,0,0,0,0,0,0
309,Y,2.81412889014366,0,0,0,0,0,0,0
309,Z,0.815107722538791,1.71321657151121e-15,3.73525396917452e-15,1.71321657151121e-15,3.73525396917452e-15,1.71321657151121e-15,3.73525396917452e-15,1.71321657151121e-15
310,M,52.4841555562736,0,0,0,0,0,0,0
310,Y,2.82804933072457,0,0,0,0,0,0,0
310,Z,0.81619315202823,1.54189491436009e-15,3.36172857225707e-15,1.54189491436009e-15,3.36172857225707e-15,1.54189491436009e-15,3.36172857225707e-15,1.54189491436009e-15
311,M,50.8357400006463,0,0,0,0,0,0,0
311,Y,2.83284158442892,0,0,0,0,0,0,0
311,Z,0.810767271562504,1.38770542292408e-15,3.02555571503136e-15,1.38770542292408e-15,3.02555571503136e-15,1.38770542292408e-15,3.02555571503136e-15,1.38770542292408e-15
312,M,49.3521660005816,0,0,0,0,0,0,0
312,Y,2.82830814806083,0,0,0,0,0,0,0
312,Z,0.811350274021114,1.24893488063167e-15,2.72300014352822e-15,1.24893488063167e-15,2.72300014352822e-15,1.24893488063167e-15,2.72300014352822e-15,1.24893488063167e-15
313,M,50.7169494005235,0,0,0,0,0,0,0
313,Y,2.84662142451048,0,0,0,0,0,0,0
313,Z,0.809217432820658,1.1240413925685e-15,2.4507001291754e-15,1.1240413925685e-15,2.4507001291754e-15,1.1240413925685e-15,2.4507001291754e-15,1.1240413925685e-15
314,M,47.4452544604711,0,0,0,0,0,0,0
314,Y,2.84264417690288,0,0,0,0,0,0,0
314,Z,0.8102576482107,1.01163725331165e-15,2.20563011625786e-15,1.01163725331165e-15,2.20563011625786e-15,1.01163725331165e-15,2.20563011625786e-15,1.01163725331165e-15
315,M,45.400729014424,0,0,0,0,0,0,0
315,Y,2.82630194573293,0,0,0,0,0,0,0
315,Z,0.818266725827399,9.10473527980487e-16,1.98506710463208e-15,9.10473527980487e-16,1.98506710463208e-15,9.10473527980487e-16,1.98506710463208e-15,9.10473527980487e-16
316,M,45.3606561129816,0,0,0,0,0,0,0
316,Y,2.800653522452,0,0,0,0,0,0,0
316,Z,0.829676459675787,8.19426175182438e-16,1.78656039416887e-15,8.19426175182438e-16,1.78656039416887e-15,8.19426175182438e-16,1.78656039416887e-15,8.19426175182438e-16
317,M,44.4245905016834,0,0,0,0,0,0,0
317,Y,2.77387516327829,0,0,0,0,0,0,0
317,Z,0.846100342816637,7.37483557664194e-16,1.60790435475198e-15,7.37483557664194e-16,1.60790435475198e-15,7.37483557664194e-16,1.60790435475198e-15,7.37483557664194e-16
318,M,43.5821314515151,0,0,0,0,0,0,0
318,Y,2.73077987758815,0,0,0,0,0,0,0
318,Z,0.86256718504333,6.63735201897775e-16,1.44711391927678e-15,6.63735201897775e-16,1.44711391927678e-15,6.63735201897775e-16,1.44711391927678e-15,6.63735201897775e-16
319,M,45.5239183063636,0,0,0,0,0,0,0
319,Y,2.70318012544262,0,0,0,0,0,0,0
319,Z,0.87442249863321,5.97361681707997e-16,1.3024025273491e-15,5.97361681707997e-16,1.3024025273491e-15,5.97361681707997e-16,1.3024025273491e-15,5.97361681707997e-16
320,M,45.4715264757272,0,0,0,0,0,0,0
320,Y,2.67818250566005,0,0,0,0,0,0,0
320,Z,0.883103464490067,5.37625513537198e-16,1.17216227461419e-15,5.37625513537198e-16,1.17216227461419e-15,5.37625513537198e-16,1.17216227461419e-15,5.37625513537198e-16
321,M,47.2243738281545,0,0,0,0,0,0,0
321,Y,2.67718752235596,0,0,0,0,0,0,0
321,Z,0.887471846246599,4.83862962183478e-16,1.05494604715277e-15,4.83862962183478e-16,1.05494604715277e-15,4.83862962183478e-16,1.05494604715277e-15,4.83862962183478e-16
322,M,47.9019364453391,0,0,0,0,0,0,0
322,Y,2.68041593532937,0,0,0,0,0,0,0
322,Z,0.888975706238174,4.3547666596513e-16,9.49451442437497e-16,4.3547666596513e-16,9.49451442437497e-16,4.3547666596513e-16,9.49451442437497e-16,4.3547666596513e-16
323,M,51.2117428008052,0,0,0,0,0,0,0
323,Y,2.69062255254168,0,0,0,0,0,0,0
323,Z,0.887553065869168,3.91928999368617e-16,8.54506298193748e-16,3.91928999368617e-16,8.54506298193748e-16,3.91928999368617e-16,8.54506298193748e-16,3.91928999368617e-16
324,M,52.3905685207246,0,0,0,0,0,0,0
324,Y,2.70638433541901,0,0,0,0,0,0,0
324,Z,0.893299966068195,3.52736099431755e-16,7.69055668374373e-16,3.52736099431755e-16,7.69055668374373e-16,3.52736099431755e-16,7.69055668374373e-16,3.52736099431755e-16
325,M,59.7515116686522,0,0,0,0,0,0,0
325,Y,2.77700481376652,0,0,0,0,0,0,0
325,Z,0.892051863625658,3.1746248948858e-16,6.92150101536936e-16,3.1746248948858e-16,6.92150101536936e-16,3.1746248948858e-16,6.92150101536936e-16,3.1746248948858e-16
326,M,65.476360501787,0,0,0,0,0,0,0
326,Y,2.87438741133422,0,0,0,0,0,0,0
326,Z,0.886923498320774,2.85716240539722e-16,6.22935091383242e-16,2.85716240539722e-16,6.22935091383242e-16,2.85716240539722e-16,6.22935091383242e-16,2.85716240539722e-16
327,M,65.2287244516083,0,0,0,0,0,0,0
327,Y,2.94151752171001,0,0,0,0,0,0,0
327,Z,0.878874751322219,2.5714461648575e-16,5.60641582244918e-16,2.5714461648575e-16,5.60641582244918e-16,2.5714461648575e-16,5.60641582244918e-16,2.5714461648575e-16
328,M,64.1058520064474,0,0,0,0,0,0,0
328,Y,2.99510428254766,0,0,0,0,0,0,0
328,Z,0.870471418467604,2.31430154837175e-16,5.04577424020426e-16,2.31430154837175e-16,5.04577424020426e-16,2.31430154837175e-16,5.04577424020426e-16,2.31430154837175e-16
329,M,63.0952668058027,0,0,0,0,0,0,0
329,Y,3.05519591800048,0,0,0,0,0,0,0
329,Z,0.856947661176512,2.08287139353457e-16,4.54119681618384e-16,2.08287139353457e-16,4.54119681618384e-16,2.08287139353457e-16,4.54119681618384e-16,2.08287139353457e-16
330,M,58.5857401252224,0,0,0,0,0,0,0
330,Y,3.08222846737557,0,0,0,0,0,0,0
330,Z,0.848286566503786,1.87458425418112e-16,4.08707713456545e-16,1.87458425418112e-16,4.08707713456545e-16,1.87458425418112e-16,4.08707713456545e-16,1.87458425418112e-16
331,M,56.3271661127002,0,0,0,0,0,0,0
331,Y,3.09296193795514,0,0,0,0,0,0,0
331,Z,0.840442048538989,1.687125828763e-16,3.67836942110891e-16,1.687125828763e-16,3.67836942110891e-16,1.687125828763e-16,3.67836942110891e-16,1.687125828763e-16
332,M,58.7944495014302,0,0,0,0,0,0,0
332,Y,3.1338173150912,0,0,0,0,0,0,0
332,Z,0.840129812235232,1.5184132458867e-16,3.31053247899802e-16,1.5184132458867e-16,3.31053247899802e-16,1.5184132458867e-16,3.31053247899802e-16,1.5184132458867e-16
333,M,61.9150045512871,0,0,0,0,0,0,0
333,Y,3.18999296146392,0,0,0,0,0,0,0
333,Z,0.841142922434844,1.36657192129803e-16,2.97947923109821e-16,1.36657192129803e-16,2.97947923109821e-16,1.36657192129803e-16,2.97947923109821e-16,1.36657192129803e-16
334,M,59.3235040961584,0,0,0,0,0,0,0
334,Y,3.22147116504163,0,0,0,0,0,0,0
334,Z,0.844345867066302,1.22991472916823e-16,2.68153130798839e-16,1.22991472916823e-16,2.68153130798839e-16,1.22991472916823e-16,2.68153130798839e-16,1.22991472916823e-16
335,M,60.5911536865426,0,0,0,0,0,0,0
335,Y,3.27440804742736,0,0,0,0,0,0,0
335,Z,0.849292081546477,1.10692325625141e-16,2.41337817718955e-16,1.10692325625141e-16,2.41337817718955e-16,1.10692325625141e-16,2.41337817718955e-16,1.10692325625141e-16
336,M,63.5320383178884,0,0,0,0,0,0,0
336,Y,3.34099037866006,0,0,0,0,0,0,0
336,Z,0.87145353595287,9.96230930626266e-17,2.1720403594706e-16,9.96230930626266e-17,2.1720403594706e-16,9.96230930626266e-17,2.1720403594706e-16,9.96230930626266e-17
337,M,59.8788344860995,0,0,0,0,0,0,0
337,Y,3.37676652668472,0,0,0,0,0,0,0
337,Z,0.902013226944383,8.9660783756364e-17,1.95483632352354e-16,8.9660783756364e-17,1.95483632352354e-16,8.9660783756364e-17,1.95483632352354e-16,8.9660783756364e-17
338,M,59.2909510374896,0,0,0,0,0,0,0
338,Y,3.40493227029639,0,0,0,0,0,0,0
338,Z,0.923079366896997,8.06947053807276e-17,1.75935269117119e-16,8.06947053807276e-17,1.75935269117119e-16,8.06947053807276e-17,1.75935269117119e-16,8.06947053807276e-17
339,M,57.8618559337406,0,0,0,0,0,0,0
339,Y,3.4208222436271,0,0,0,0,0,0,0
339,Z,0.939895460257992,7.26252348426548e-17,1.58341742205407e-16,7.26252348426548e-17,1.58341742205407e-16,7.26252348426548e-17,1.58341742205407e-16,7.26252348426548e-17
340,M,55.6756703403666,0,0,0,0,0,0,0
340,Y,3.42330890191248,0,0,0,0,0,0,0
340,Z,0.958752852199465,6.53627113583893e-17,1.42507567984866e-16,6.53627113583893e-17,1.42507567984866e-16,6.53627113583893e-17,1.42507567984866e-16,6.53627113583893e-17
341,M,56.4081033063299,0,0,0,0,0,0,0
341,Y,3.43034896877347,0,0,0,0,0,0,0
341,Z,0.967235952632695,5.88264402225504e-17,1.28256811186379e-16,5.88264402225504e-17,1.28256811186379e-16,5.88264402225504e-17,1.28256811186379e-16,5.88264402225504e-17
342,M,54.3672929756969,0,0,0,0,0,0,0
342,Y,3.42327334449602,0,0,0,0,0,0,0
342,Z,0.970604229433382,5.29437962002954e-17,1.15431130067741e-16,5.29437962002954e-17,1.15431130067741e-16,5.29437962002954e-17,1.15431130067741e-16,5.29437962002954e-17
343,M,50.7305636781272,0,0,0,0,0,0,0
343,Y,3.39312107873304,0,0,0,0,0,0,0
343,Z,0.983425079685933,4.76494165802658e-17,1.03888017060967e-16,4.76494165802658e-17,1.03888017060967e-16,4.76494165802658e-17,1.03888017060967e-16,4.76494165802658e-17
344,M,51.0575073103145,0,0,0,0,0,0,0
344,Y,3.36830378865714,0,0,0,0,0,0,0
344,Z,1.0010535927599,4.28844749222393e-17,9.34992153548706e-17,4.28844749222393e-17,9.34992153548706e-17,4.28844749222393e-17,9.34992153548706e-17,4.28844749222393e-17
345,M,54.0517565792831,0,0,0,0,0,0,0
345,Y,3.34833579182216,0,0,0,0,0,0,0
345,Z,1.01093178658846,3.85960274300153e-17,8.41492938193835e-17,3.85960274300153e-17,8.41492938193835e-17,3.85960274300153e-17,8.41492938193835e-17,3.85960274300153e-17
346,M,54.9465809213548,0,0,0,0,0,0,0
346,Y,3.3382585247336,0,0,0,0,0,0,0
346,Z,1.02754394120507,3.47364246870138e-17,7.57343644374452e-17,3.47364246870138e-17,7.57343644374452e-17,3.47364246870138e-17,7.57343644374452e-17,3.47364246870138e-17
347,M,54.8519228292193,0,0,0,0,0,0,0
347,Y,3.32866998229263,0,0,0,0,0,0,0
347,Z,1.04843818225827,3.12627822183124e-17,6.81609279937007e-17,3.12627822183124e-17,6.81609279937007e-17,3.12627822183124e-17,6.81609279937007e-17,3.12627822183124e-17
348,M,55.6667305462974,0,0,0,0,0,0,0
348,Y,3.32518992355932,0,0,0,0,0,0,0
348,Z,1.05966511659569,2.81365039964812e-17,6.13448351943306e-17,2.81365039964812e-17,6.13448351943306e-17,2.81365039964812e-17,6.13448351943306e-17,2.81365039964812e-17
349,M,54.6000574916676,0,0,0,0,0,0,0
349,Y,3.32018810281709,0,0,0,0,0,0,0
349,Z,1.06850382538779,2.53228535968331e-17,5.52103516748976e-17,2.53228535968331e-17,5.52103516748976e-17,2.53228535968331e-17,5.52103516748976e-17,2.53228535968331e-17
350,M,51.8400517425009,0,0,0,0,0,0,0
350,Y,3.29823266938529,0,0,0,0,0,0,0
350,Z,1.07349026739055,2.27905682371498e-17,4.96893165074078e-17,2.27905682371498e-17,4.96893165074078e-17,2.27905682371498e-17,4.96893165074078e-17,2.27905682371498e-17
351,M,51.1560465682508,0,0,0,0,0,0,0
351,Y,3.26979212372439,0,0,0,0,0,0,0
351,Z,1.07427060710936,2.05115114134348e-17,4.4720384856667e-17,2.05115114134348e-17,4.4720384856667e-17,2.05115114134348e-17,4.4720384856667e-17,2.05115114134348e-17
352,M,52.3404419114257,0,0,0,0,0,0,0
352,Y,3.25400139596688,0,0,0,0,0,0,0
352,Z,1.07647985468752,1.84603602720913e-17,4.02483463710003e-17,1.84603602720913e-17,4.02483463710003e-17,1.84603602720913e-17,4.02483463710003e-17,1.84603602720913e-17
353,M,53.4063977202831,0,0,0,0,0,0,0
353,Y,3.2489668791086,0,0,0,0,0,0,0
353,Z,1.0742594488153,1.66143242448822e-17,3.62235117339003e-17,1.66143242448822e-17,3.62235117339003e-17,1.66143242448822e-17,3.62235117339003e-17,1.66143242448822e-17
354,M,56.1657579482548,0,0,0,0,0,0,0
354,Y,3.25951109230057,0,0,0,0,0,0,0
354,Z,1.06479734832276,1.4952891820394e-17,3.26011605605103e-17,1.4952891820394e-17,3.26011605605103e-17,1.4952891820394e-17,3.26011605605103e-17,1.4952891820394e-17
355,M,51.4491821534293,0,0,0,0,0,0,0
355,Y,3.23920852514547,0,0,0,0,0,0,0
355,Z,1.0570094197307,1.34576026383546e-17,2.93410445044592e-17,1.34576026383546e-17,2.93410445044592e-17,1.34576026383546e-17,2.93410445044592e-17,1.34576026383546e-17
356,M,49.9042639380864,0,0,0,0,0,0,0
356,Y,3.21131822397498,0,0,0,0,0,0,0
356,Z,1.05074325074119,1.21118423745191e-17,2.64069400540133e-17,1.21118423745191e-17,2.64069400540133e-17,1.21118423745191e-17,2.64069400540133e-17,1.21118423745191e-17
357,M,53.9138375442778,0,0,0,0,0,0,0
357,Y,3.20928906070166,0,0,0,0,0,0,0
357,Z,1.04758089754917,1.09006581370672e-17,2.3766246048612e-17,1.09006581370672e-17,2.3766246048612e-17,1.09006581370672e-17,2.3766246048612e-17,1.09006581370672e-17
358,M,57.52245378985,0,0,0,0,0,0,0
358,Y,3.21387328064396,0,0,0,0,0,0,0
358,Z,1.04457191133014,9.81059232336048e-18,2.13896214437508e-17,9.81059232336048e-18,2.13896214437508e-17,9.81059232336048e-18,2.13896214437508e-17,9.81059232336048e-18
359,M,57.170208410865,0,0,0,0,0,0,0
359,Y,3.2157585440898,0,0,0,0,0,0,0
359,Z,1.04347983202461,8.82953309102443e-18,1.92506592993757e-17,8.82953309102443e-18,1.92506592993757e-17,8.82953309102443e-18,1.92506592993757e-17,8.82953309102443e-18
360,M,58.6531875697785,0,0,0,0,0,0,0
360,Y,3.20979326788601,0,0,0,0,0,0,0
360,Z,1.04191020767596,7.94657978192199e-18,1.73255933694381e-17,7.94657978192199e-18,1.73255933694381e-17,7.94657978192199e-18,1.73255933694381e-17,7.94657978192199e-18
361,M,57.2878688128007,0,0,0,0,0,0,0
361,Y,3.19437905434802,0,0,0,0,0,0,0
361,Z,1.03502036002331,7.15192180372979e-18,1.55930340324943e-17,7.15192180372979e-18,1.55930340324943e-17,7.15192180372979e-18,1.55930340324943e-17,7.15192180372979e-18
362,M,55.1590819315206,0,0,0,0,0,0,0
362,Y,3.17075378945669,0,0,0,0,0,0,0
362,Z,1.02609541543634,6.43672962335681e-18,1.40337306292449e-17,6.43672962335681e-18,1.40337306292449e-17,6.43672962335681e-18,1.40337306292449e-17,6.43672962335681e-18
363,M,57.7431737383685,0,0,0,0,0,0,0
363,Y,3.16424789840748,0,0,0,0,0,0,0
363,Z,1.02114011774606,5.79305666102113e-18,1.26303575663204e-17,5.79305666102113e-18,1.26303575663204e-17,5.79305666102113e-18,1.26303575663204e-17,5.79305666102113e-18
364,M,59.1688563645317,0,0,0,0,0,0,0
364,Y,3.16418328496633,0,0,0,0,0,0,0
364,Z,1.01956023300974,5.21375099491902e-18,1.13673218096884e-17,5.21375099491902e-18,1.13673218096884e-17,5.21375099491902e-18,1.13673218096884e-17,5.21375099491902e-18
365,M,58.6519707280785,0,0,0,0,0,0,0
365,Y,3.16349337583035,0,0,0,0,0,0,0
365,Z,1.02286911883681,4.69237589542711e-18,1.02305896287195e-17,4.69237589542711e-18,1.02305896287195e-17,4.69237589542711e-18,1.02305896287195e-17,4.69237589542711e-18
366,M,57.2867736552707,0,0,0,0,0,0,0
366,Y,3.15293608843396,0,0,0,0,0,0,0
366,Z,1.01649795813571,4.2231383058844e-18,9.20753066584757e-18,4.2231383058844e-18,9.20753066584757e-18,4.2231383058844e-18,9.20753066584757e-18,4.2231383058844e-18
367,M,56.0580962897436,0,0,0,0,0,0,0
367,Y,3.15218966380616,0,0,0,0,0,0,0
367,Z,1.00774568610027,3.80082447529596e-18,8.28677759926282e-18,3.80082447529596e-18,8.28677759926282e-18,3.80082447529596e-18,8.28677759926282e-18,3.80082447529596e-18
368,M,57.6522866607692,0,0,0,0,0,0,0
368,Y,3.16106040161717,0,0,0,0,0,0,0
368,Z,1.0071089131639,3.42074202776637e-18,7.45809983933653e-18,3.42074202776637e-18,7.45809983933653e-18,3.42074202776637e-18,7.45809983933653e-18,3.42074202776637e-18
369,M,53.6870579946923,0,0,0,0,0,0,0
369,Y,3.14997423243593,0,0,0,0,0,0,0
369,Z,1.0085474899566,3.07866782498973e-18,6.71228985540288e-18,3.07866782498973e-18,6.71228985540288e-18,3.07866782498973e-18,6.71228985540288e-18,3.07866782498973e-18
370,M,55.5183521952231,0,0,0,0,0,0,0
370,Y,3.13761328085872,0,0,0,0,0,0,0
370,Z,1.00913910560233,2.77080104249076e-18,6.04106086986259e-18,2.77080104249076e-18,6.04106086986259e-18,2.77080104249076e-18,6.04106086986259e-18,2.77080104249076e-18
371,M,58.0665169757008,0,0,0,0,0,0,0
371,Y,3.16911636706913,0,0,0,0,0,0,0
371,Z,1.00726713872098,2.49372093824168e-18,5.43695478287633e-18,2.49372093824168e-18,5.43695478287633e-18,2.49372093824168e-18,5.43695478287633e-18,2.49372093824168e-18
372,M,57.6598652781307,0,0,0,0,0,0,0
372,Y,3.19495262050717,0,0,0,0,0,0,0
372,Z,1.00242999518236,2.24434884441751e-18,4.8932593045887e-18,2.24434884441751e-18,4.8932593045887e-18,2.24434884441751e-18,4.8932593045887e-18,2.24434884441751e-18
373,M,62.6938787503176,0,0,0,0,0,0,0
373,Y,3.24954240097589,0,0,0,0,0,0,0
373,Z,0.995016136724032,2.01991395997576e-18,4.40393337412983e-18,2.01991395997576e-18,4.40393337412983e-18,2.01991395997576e-18,4.40393337412983e-18,2.01991395997576e-18
374,M,61.8244908752859,0,0,0,0,0,0,0
374,Y,3.2902599593034,0,0,0,0,0,0,0
374,Z,0.99297451917578,1.81792256397819e-18,3.96354003671685e-18,1.81792256397819e-18,3.96354003671685e-18,1.81792256397819e-18,3.96354003671685e-18,1.81792256397819e-18
375,M,61.9420417877573,0,0,0,0,0,0,0
375,Y,3.33006134396511,0,0,0,0,0,0,0
375,Z,0.992954242793298,1.63613030758037e-18,3.56718603304516e-18,1.63613030758037e-18,3.56718603304516e-18,1.63613030758037e-18,3.56718603304516e-18,1.63613030758037e-18
376,M,59.3478376089815,0,0,0,0,0,0,0
376,Y,3.36882673927672,0,0,0,0,0,0,0
376,Z,0.992737741996088,1.47251727682233e-18,3.21046742974065e-18,1.47251727682233e-18,3.21046742974065e-18,1.47251727682233e-18,3.21046742974065e-18,1.47251727682233e-18
377,M,56.1130538480834,0,0,0,0,0,0,0
377,Y,3.37720108593613,0,0,0,0,0,0,0
377,Z,0.989424753345133,1.3252655491401e-18,2.88942068676658e-18,1.3252655491401e-18,2.88942068676658e-18,1.3252655491401e-18,2.88942068676658e-18,1.3252655491401e-18
378,M,55.9017484632751,0,0,0,0,0,0,0
378,Y,3.38327890435829,0,0,0,0,0,0,0
378,Z,0.989190517387748,1.19273899422609e-18,2.60047861808992e-18,1.19273899422609e-18,2.60047861808992e-18,1.19273899422609e-18,2.60047861808992e-18,1.19273899422609e-18
379,M,55.7115736169476,0,0,0,0,0,0,0
379,Y,3.38747627667302,0,0,0,0,0,0,0
379,Z,0.99197424890798,1.07346509480348e-18,2.34043075628093e-18,1.07346509480348e-18,2.34043075628093e-18,1.07346509480348e-18,2.34043075628093e-18,1.07346509480348e-18
380,M,56.4404162552528,0,0,0,0,0,0,0
380,Y,3.40107596142252,0,0,0,0,0,0,0
380,Z,0.988495291548861,9.66118585323131e-19,2.10638768065284e-18,9.66118585323131e-19,2.10638768065284e-18,9.66118585323131e-19,2.10638768065284e-18,9.66118585323131e-19
381,M,54.3963746297275,0,0,0,0,0,0,0
381,Y,3.39730868859394,0,0,0,0,0,0,0
381,Z,0.984616293966175,8.69506726790818e-19,1.89574891258755e-18,8.69506726790818e-19,1.89574891258755e-18,8.69506726790818e-19,1.89574891258755e-18,8.69506726790818e-19
382,M,52.5567371667548,0,0,0,0,0,0,0
382,Y,3.3818702324563,0,0,0,0,0,0,0
382,Z,0.99450229622854,7.82556054111736e-19,1.7061740213288e-18,7.82556054111736e-19,1.7061740213288e-18,7.82556054111736e-19,1.7061740213288e-18,7.82556054111736e-19
383,M,50.9010634500793,0,0,0,0,0,0,0
383,Y,3.35721942917874,0,0,0,0,0,0,0
383,Z,1.00260998632066,7.04300448700563e-19,1.53555661919592e-18,7.04300448700563e-19,1.53555661919592e-18,7.04300448700563e-19,1.53555661919592e-18,7.04300448700563e-19
384,M,53.9109571050714,0,0,0,0,0,0,0
384,Y,3.36994224855147,0,0,0,0,0,0,0
384,Z,1.01974083786997,6.33870403830507e-19,1.38200095727633e-18,6.33870403830507e-19,1.38200095727633e-18,6.33870403830507e-19,1.38200095727633e-18,6.33870403830507e-19
385,M,49.4198613945642,0,0,0,0,0,0,0
385,Y,3.34836124995172,0,0,0,0,0,0,0
385,Z,1.03251843912006,5.70483363447456e-19,1.24380086154869e-18,5.70483363447456e-19,1.24380086154869e-18,5.70483363447456e-19,1.24380086154869e-18,5.70483363447456e-19
386,M,52.5778752551078,0,0,0,0,0,0,0
386,Y,3.35052665194372,0,0,0,0,0,0,0
386,Z,1.04500853536596,5.1343502710271e-19,1.11942077539383e-18,5.1343502710271e-19,1.11942077539383e-18,5.1343502710271e-19,1.11942077539383e-18,5.1343502710271e-19
387,M,51.820087729597,0,0,0,0,0,0,0
387,Y,3.34973189604614,0,0,0,0,0,0,0
387,Z,1.05717352717636,4.62091524392439e-19,1.00747869785444e-18,4.62091524392439e-19,1.00747869785444e-18,4.62091524392439e-19,1.00747869785444e-18,4.62091524392439e-19
388,M,52.0380789566373,0,0,0,0,0,0,0
388,Y,3.34809913123362,0,0,0,0,0,0,0
388,Z,1.05980148589341,4.15882371953195e-19,9.06730828068999e-19,4.15882371953195e-19,9.06730828068999e-19,4.15882371953195e-19,9.06730828068999e-19,4.15882371953195e-19
389,M,50.4342710609736,0,0,0,0,0,0,0
389,Y,3.34963443164806,0,0,0,0,0,0,0
389,Z,1.0617087697154,3.74294134757876e-19,8.16057745262099e-19,3.74294134757876e-19,8.16057745262099e-19,3.74294134757876e-19,8.16057745262099e-19,3.74294134757876e-19
390,M,52.5908439548762,0,0,0,0,0,0,0
390,Y,3.36640773899586,0,0,0,0,0,0,0
390,Z,1.06302594962349,3.36864721282088e-19,7.34451970735889e-19,3.36864721282088e-19,7.34451970735889e-19,3.36864721282088e-19,7.34451970735889e-19,3.36864721282088e-19
391,M,51.8317595593886,0,0,0,0,0,0,0
391,Y,3.37601175378607,0,0,0,0,0,0,0
391,Z,1.06729367480137,3.03178249153879e-19,6.610067736623e-19,3.03178249153879e-19,6.610067736623e-19,3.03178249153879e-19,6.610067736623e-19,3.03178249153879e-19
392,M,52.0485836034498,0,0,0,0,0,0,0
392,Y,3.3861323899029,0,0,0,0,0,0,0
392,Z,1.0661114646694,2.72860424238491e-19,5.9490609629607e-19,2.72860424238491e-19,5.9490609629607e-19,2.72860424238491e-19,5.9490609629607e-19,2.72860424238491e-19
393,M,49.5437252431048,0,0,0,0,0,0,0
393,Y,3.36375901660998,0,0,0,0,0,0,0
393,Z,1.06126671354614,2.45574381814642e-19,5.35415486666463e-19,2.45574381814642e-19,5.35415486666463e-19,2.45574381814642e-19,5.35415486666463e-19,2.45574381814642e-19
394,M,54.4893527187943,0,0,0,0,0,0,0
394,Y,3.37984179200343,0,0,0,0,0,0,0
394,Z,1.05353103027551,2.21016943633178e-19,4.81873937999817e-19,2.21016943633178e-19,4.81873937999817e-19,2.21016943633178e-19,4.81873937999817e-19,2.21016943633178e-19
395,M,51.7404174469149,0,0,0,0,0,0,0
395,Y,3.37540681574288,0,0,0,0,0,0,0
395,Z,1.05752358580681,1.9891524926986e-19,4.33686544199835e-19,1.9891524926986e-19,4.33686544199835e-19,1.9891524926986e-19,4.33686544199835e-19,1.9891524926986e-19
396,M,51.0663757022234,0,0,0,0,0,0,0
396,Y,3.36444234080375,0,0,0,0,0,0,0
396,Z,1.05075123977201,1.79023724342874e-19,3.90317889779852e-19,1.79023724342874e-19,3.90317889779852e-19,1.79023724342874e-19,3.90317889779852e-19,1.79023724342874e-19
397,M,51.359738132001,0,0,0,0,0,0,0
397,Y,3.35901747822559,0,0,0,0,0,0,0
397,Z,1.05143076586189,1.61121351908587e-19,3.51286100801866e-19,1.61121351908587e-19,3.51286100801866e-19,1.61121351908587e-19,3.51286100801866e-19,1.61121351908587e-19
398,M,53.4237643188009,0,0,0,0,0,0,0
398,Y,3.38322244246363,0,0,0,0,0,0,0
398,Z,1.05118136303993,1.45009216717728e-19,3.1615749072168e-19,1.45009216717728e-19,3.1615749072168e-19,1.45009216717728e-19,3.1615749072168e-19,1.45009216717728e-19
399,M,54.3813878869208,0,0,0,0,0,0,0
399,Y,3.39407941165566,0,0,0,0,0,0,0
399,Z,1.05066898414083,1.30508295045955e-19,2.84541741649512e-19,1.30508295045955e-19,2.84541741649512e-19,1.30508295045955e-19,2.84541741649512e-19,1.30508295045955e-19
400,M,52.5432490982288,0,0,0,0,0,0,0
400,Y,3.39115857343303,0,0,0,0,0,0,0
400,Z,1.05115077767907,1.1745746554136e-19,2.56087567484561e-19,1.1745746554136e-19,2.56087567484561e-19,1.1745746554136e-19,2.56087567484561e-19,1.1745746554136e-19
401,M,50.8889241884059,0,0,0,0,0,0,0
401,Y,3.37729859896068,0,0,0,0,0,0,0
401,Z,1.05641441925628,1.05711718987224e-19,2.30478810736105e-19,1.05711718987224e-19,2.30478810736105e-19,1.05711718987224e-19,2.30478810736105e-19,1.05711718987224e-19
402,M,55.7000317695653,0,0,0,0,0,0,0
402,Y,3.39762144942802,0,0,0,0,0,0,0
402,Z,1.05942826086245,9.51405470885014e-20,2.07430929662494e-19,9.51405470885014e-20,2.07430929662494e-19,9.51405470885014e-20,2.07430929662494e-19,9.51405470885014e-20
403,M,57.3300285926088,0,0,0,0,0,0,0
403,Y,3.44279814277902,0,0,0,0,0,0,0
403,Z,1.06260422371508,8.56264923796513e-20,1.86687836696245e-19,8.56264923796513e-20,1.86687836696245e-19,8.56264923796513e-20,1.86687836696245e-19,8.56264923796513e-20
404,M,58.7970257333479,0,0,0,0,0,0,0
404,Y,3.49369227555261,0,0,0,0,0,0,0
404,Z,1.05558322210549,7.70638431416862e-20,1.6801905302662e-19,7.70638431416862e-20,1.6801905302662e-19,7.70638431416862e-20,1.6801905302662e-19,7.70638431416862e-20
405,M,57.4173231600131,0,0,0,0,0,0,0
405,Y,3.52938403538788,0,0,0,0,0,0,0
405,Z,1.06063016743849,6.93574588275176e-20,1.51217147723958e-19,6.93574588275176e-20,1.51217147723958e-19,6.93574588275176e-20,1.51217147723958e-19,6.93574588275176e-20
406,M,58.8755908440118,0,0,0,0,0,0,0
406,Y,3.58797145690622,0,0,0,0,0,0,0
406,Z,1.05923842489452,6.24217129447658e-20,1.36095432951562e-19,6.24217129447658e-20,1.36095432951562e-19,6.24217129447658e-20,1.36095432951562e-19,6.24217129447658e-20
407,M,60.1880317596106,0,0,0,0,0,0,0
407,Y,3.65012848665113,0,0,0,0,0,0,0
407,Z,1.05579765647806,5.61795416502892e-20,1.22485889656406e-19,5.61795416502892e-20,1.22485889656406e-19,5.61795416502892e-20,1.22485889656406e-19,5.61795416502892e-20
408,M,59.5692285836495,0,0,0,0,0,0,0
408,Y,3.68456582104732,0,0,0,0,0,0,0
408,Z,1.0540952771187,5.05615874852603e-20,1.10237300690766e-19,5.05615874852603e-20,1.10237300690766e-19,5.05615874852603e-20,1.10237300690766e-19,5.05615874852603e-20
409,M,58.1123057252846,0,0,0,0,0,0,0
409,Y,3.68880161154046,0,0,0,0,0,0,0
409,Z,1.06169105137458,4.55054287367343e-20,9.9213570621689e-20,4.55054287367343e-20,9.9213570621689e-20,4.55054287367343e-20,9.9213570621689e-20,4.55054287367343e-20
410,M,61.3010751527561,0,0,0,0,0,0,0
410,Y,3.71415188011698,0,0,0,0,0,0,0
410,Z,1.06509808334846,4.09548858630608e-20,8.92922135595201e-20,4.09548858630608e-20,8.92922135595201e-20,4.09548858630608e-20,8.92922135595201e-20,4.09548858630608e-20
411,M,65.0709676374805,0,0,0,0,0,0,0
411,Y,3.76244361242481,0,0,0,0,0,0,0
411,Z,1.06418149336473,3.68593972767548e-20,8.03629922035681e-20,3.68593972767548e-20,8.03629922035681e-20,3.68593972767548e-20,8.03629922035681e-20,3.68593972767548e-20
412,M,62.1638708737325,0,0,0,0,0,0,0
412,Y,3.78584451485398,0,0,0,0,0,0,0
412,Z,1.05983208651377,3.31734575490793e-20,7.23266929832113e-20,3.31734575490793e-20,7.23266929832113e-20,3.31734575490793e-20,7.23266929832113e-20,3.31734575490793e-20
413,M,58.6474837863592,0,0,0,0,0,0,0
413,Y,3.78285326335407,0,0,0,0,0,0,0
413,Z,1.06620961233318,2.98561117941714e-20,6.50940236848902e-20,2.98561117941714e-20,6.50940236848902e-20,2.98561117941714e-20,6.50940236848902e-20,2.98561117941714e-20
414,M,62.6827354077233,0,0,0,0,0,0,0
414,Y,3.80761620708407,0,0,0,0,0,0,0
414,Z,1.08038653740303,2.68705006147542e-20,5.85846213164011e-20,2.68705006147542e-20,5.85846213164011e-20,2.68705006147542e-20,5.85846213164011e-20,2.68705006147542e-20
415,M,60.914461866951,0,0,0,0,0,0,0
415,Y,3.81772835412644,0,0,0,0,0,0,0
415,Z,1.09635765554619,2.41834505532788e-20,5.2726159184761e-20,2.41834505532788e-20,5.2726159184761e-20,2.41834505532788e-20,5.2726159184761e-20,2.41834505532788e-20
416,M,60.2230156802559,0,0,0,0,0,0,0
416,Y,3.8220660774034,0,0,0,0,0,0,0
416,Z,1.1075581079756,2.17651054979509e-20,4.74535432662849e-20,2.17651054979509e-20,4.74535432662849e-20,2.17651054979509e-20,4.74535432662849e-20,2.17651054979509e-20
417,M,55.1007141122303,0,0,0,0,0,0,0
417,Y,3.79367948573947,0,0,0,0,0,0,0
417,Z,1.12594346164565,1.95885949481558e-20,4.27081889396564e-20,1.95885949481558e-20,4.27081889396564e-20,1.95885949481558e-20,4.27081889396564e-20,1.95885949481558e-20
418,M,55.8906427010073,0,0,0,0,0,0,0
418,Y,3.77637850490202,0,0,0,0,0,0,0
418,Z,1.14544899620108,1.76297354533402e-20,3.84373700456908e-20,1.76297354533402e-20,3.84373700456908e-20,1.76297354533402e-20,3.84373700456908e-20,1.76297354533402e-20
419,M,53.0015784309065,0,0,0,0,0,0,0
419,Y,3.73850185391434,0,0,0,0,0,0,0
419,Z,1.1562557966357,1.58667619080062e-20,3.45936330411217e-20,1.58667619080062e-20,3.45936330411217e-20,1.58667619080062e-20,3.45936330411217e-20,1.58667619080062e-20
420,M,51.3014205878159,0,0,0,0,0,0,0
420,Y,3.69298341661616,0,0,0,0,0,0,0
420,Z,1.15758503257527,1.42800857172056e-20,3.11342697370095e-20,1.42800857172056e-20,3.11342697370095e-20,1.42800857172056e-20,3.11342697370095e-20,1.42800857172056e-20
421,M,57.8712785290343,0,0,0,0,0,0,0
421,Y,3.68117059919235,0,0,0,0,0,0,0
421,Z,1.1655402154683,1.2852077145485e-20,2.80208427633086e-20,1.2852077145485e-20,2.80208427633086e-20,1.2852077145485e-20,2.80208427633086e-20,1.2852077145485e-20
422,M,54.7841506761309,0,0,0,0,0,0,0
422,Y,3.65026573497139,0,0,0,0,0,0,0
422,Z,1.18069467277004,1.15668694309365e-20,2.52187584869777e-20,1.15668694309365e-20,2.52187584869777e-20,1.15668694309365e-20,2.52187584869777e-20,1.15668694309365e-20
423,M,55.6057356085178,0,0,0,0,0,0,0
423,Y,3.62801536116833,0,0,0,0,0,0,0
423,Z,1.18803812391039,1.04101824878429e-20,2.269688263828e-20,1.04101824878429e-20,2.269688263828e-20,1.04101824878429e-20,2.269688263828e-20,1.04101824878429e-20
424,M,56.345162047666,0,0,0,0,0,0,0
424,Y,3.61296554470188,0,0,0,0,0,0,0
424,Z,1.18709943749414,9.3691642390586e-21,2.0427194374452e-20,9.3691642390586e-21,2.0427194374452e-20,9.3691642390586e-21,2.0427194374452e-20,9.3691642390586e-21
425,M,56.1106458428994,0,0,0,0,0,0,0
425,Y,3.59797302240648,0,0,0,0,0,0,0
425,Z,1.194870311627,8.43224781515274e-21,1.83844749370068e-20,8.43224781515274e-21,1.83844749370068e-20,8.43224781515274e-21,1.83844749370068e-20,8.43224781515274e-21
426,M,54.9995812586095,0,0,0,0,0,0,0
426,Y,3.57728904615667,0,0,0,0,0,0,0
426,Z,1.19804361051811,7.58902303363746e-21,1.65460274433061e-20,7.58902303363746e-21,1.65460274433061e-20,7.58902303363746e-21,1.65460274433061e-20,7.58902303363746e-21
427,M,53.9996231327485,0,0,0,0,0,0,0
427,Y,3.5647363210009,0,0,0,0,0,0,0
427,Z,1.19940483404533,6.83012073027372e-21,1.48914246989755e-20,6.83012073027372e-21,1.48914246989755e-20,6.83012073027372e-21,1.48914246989755e-20,6.83012073027372e-21
428,M,57.5996608194737,0,0,0,0,0,0,0
428,Y,3.57808378670035,0,0,0,0,0,0,0
428,Z,1.19049682079431,6.14710865724635e-21,1.34022822290779e-20,6.14710865724635e-21,1.34022822290779e-20,6.14710865724635e-21,1.34022822290779e-20,6.14710865724635e-21
429,M,57.2396947375263,0,0,0,0,0,0,0
429,Y,3.60342154938234,0,0,0,0,0,0,0
429,Z,1.18506758968477,5.53239779152171e-21,1.20620540061701e-20,5.53239779152171e-21,1.20620540061701e-20,5.53239779152171e-21,1.20620540061701e-20,5.53239779152171e-21
430,M,56.0157252637737,0,0,0,0,0,0,0
430,Y,3.62022767821108,0,0,0,0,0,0,0
430,Z,1.17318149526043,4.97915801236954e-21,1.08558486055531e-20,4.97915801236954e-21,1.08558486055531e-20,4.97915801236954e-21,1.08558486055531e-20,4.97915801236954e-21
431,M,55.8141527373963,0,0,0,0,0,0,0
431,Y,3.63382520895834,0,0,0,0,0,0,0
431,Z,1.1588973273188,4.48124221113259e-21,9.77026374499781e-21,4.48124221113259e-21,9.77026374499781e-21,4.48124221113259e-21,9.77026374499781e-21,4.48124221113259e-21
432,M,52.9327374636567,0,0,0,0,0,0,0
432,Y,3.62799187718196,0,0,0,0,0,0,0
432,Z,1.15519034004153,4.03311799001933e-21,8.79323737049803e-21,4.03311799001933e-21,8.79323737049803e-21,4.03311799001933e-21,8.79323737049803e-21,4.03311799001933e-21
433,M,52.139463717291,0,0,0,0,0,0,0
433,Y,3.60253283054708,0,0,0,0,0,0,0
433,Z,1.14549206617827,3.6298061910174e-21,7.91391363344823e-21,3.6298061910174e-21,7.91391363344823e-21,3.6298061910174e-21,7.91391363344823e-21,3.6298061910174e-21
434,M,49.6255173455619,0,0,0,0,0,0,0
434,Y,3.56232463964608,0,0,0,0,0,0,0
434,Z,1.13850966311191,3.26682557191566e-21,7.1225222701034e-21,3.26682557191566e-21,7.1225222701034e-21,3.26682557191566e-21,7.1225222701034e-21,3.26682557191566e-21
435,M,47.3629656110057,0,0,0,0,0,0,0
435,Y,3.51077460764464,0,0,0,0,0,0,0
435,Z,1.13378687123553,2.94014301472409e-21,6.41027004309306e-21,2.94014301472409e-21,6.41027004309306e-21,2.94014301472409e-21,6.41027004309306e-21,2.94014301472409e-21
436,M,48.9266690499052,0,0,0,0,0,0,0
436,Y,3.47318420118127,0,0,0,0,0,0,0
436,Z,1.12908205887712,2.64612871325168e-21,5.76924303878376e-21,2.64612871325168e-21,5.76924303878376e-21,2.64612871325168e-21,5.76924303878376e-21,2.64612871325168e-21
437,M,52.1340021449146,0,0,0,0,0,0,0
437,Y,3.46153561223746,0,0,0,0,0,0,0
437,Z,1.12259120796065,2.38151584192651e-21,5.19231873490538e-21,2.38151584192651e-21,5.19231873490538e-21,2.38151584192651e-21,5.19231873490538e-21,2.38151584192651e-21
438,M,54.1206019304232,0,0,0,0,0,0,0
438,Y,3.4496521189171,0,0,0,0,0,0,0
438,Z,1.11865202979696,2.14336425773386e-21,4.67308686141484e-21,2.14336425773386e-21,4.67308686141484e-21,2.14336425773386e-21,4.67308686141484e-21,2.14336425773386e-21
439,M,56.8085417373809,0,0,0,0,0,0,0
439,Y,3.45911404390246,0,0,0,0,0,0,0
439,Z,1.1228406059644,1.92902783196048e-21,4.20577817527336e-21,1.92902783196048e-21,4.20577817527336e-21,1.92902783196048e-21,4.20577817527336e-21,1.92902783196048e-21
440,M,56.5276875636428,0,0,0,0,0,0,0
440,Y,3.4657381061411,0,0,0,0,0,0,0
440,Z,1.13079186437522,1.73612504876443e-21,3.78520035774602e-21,1.73612504876443e-21,3.78520035774602e-21,1.73612504876443e-21,3.78520035774602e-21,1.73612504876443e-21
441,M,56.2749188072785,0,0,0,0,0,0,0
441,Y,3.46743148615857,0,0,0,0,0,0,0
441,Z,1.13606580568094,1.56251254388799e-21,3.40668032197142e-21,1.56251254388799e-21,3.40668032197142e-21,1.56251254388799e-21,3.40668032197142e-21,1.56251254388799e-21
442,M,56.0474269265507,0,0,0,0,0,0,0
442,Y,3.46743644558092,0,0,0,0,0,0,0
442,Z,1.14033285491009,1.40626128949919e-21,3.06601228977428e-21,1.40626128949919e-21,3.06601228977428e-21,1.40626128949919e-21,3.06601228977428e-21,1.40626128949919e-21
443,M,57.6426842338956,0,0,0,0,0,0,0
443,Y,3.47789202533626,0,0,0,0,0,0,0
443,Z,1.13850229358815,1.26563516054927e-21,2.75941106079685e-21,1.26563516054927e-21,2.75941106079685e-21,1.26563516054927e-21,2.75941106079685e-21,1.26563516054927e-21
444,M,53.678415810506,0,0,0,0,0,0,0
444,Y,3.49115483748019,0,0,0,0,0,0,0
444,Z,1.13051297498777,1.13907164449434e-21,2.48346995471717e-21,1.13907164449434e-21,2.48346995471717e-21,1.13907164449434e-21,2.48346995471717e-21,1.13907164449434e-21
445,M,53.7105742294554,0,0,0,0,0,0,0
445,Y,3.51840313486691,0,0,0,0,0,0,0
445,Z,1.11789521863343,1.02516448004491e-21,2.23512295924545e-21,1.02516448004491e-21,2.23512295924545e-21,1.02516448004491e-21,2.23512295924545e-21,1.02516448004491e-21
446,M,51.9395168065099,0,0,0,0,0,0,0
446,Y,3.52966950616416,0,0,0,0,0,0,0
446,Z,1.1017182723626,9.22648032040417e-22,2.01161066332091e-21,9.22648032040417e-22,2.01161066332091e-21,9.22648032040417e-22,2.01161066332091e-21,9.22648032040417e-22
447,M,53.9455651258589,0,0,0,0,0,0,0
447,Y,3.56967757879659,0,0,0,0,0,0,0
447,Z,1.08992200450306,8.30383228836375e-22,1.81044959698881e-21,8.30383228836375e-22,1.81044959698881e-21,8.30383228836375e-22,1.81044959698881e-21,8.30383228836375e-22
448,M,55.751008613273,0,0,0,0,0,0,0
448,Y,3.619494491905,0,0,0,0,0,0,0
448,Z,1.086266553863,7.47344905952737e-22,1.62940463728993e-21,7.47344905952737e-22,1.62940463728993e-21,7.47344905952737e-22,1.62940463728993e-21,7.47344905952737e-22
449,M,51.9759077519457,0,0,0,0,0,0,0
449,Y,3.66355841225456,0,0,0,0,0,0,0
449,Z,1.08253738774051,6.72610415357464e-22,1.46646417356094e-21,6.72610415357464e-22,1.46646417356094e-21,6.72610415357464e-22,1.46646417356094e-21,6.72610415357464e-22
450,M,49.4783169767511,0,0,0,0,0,0,0
450,Y,3.68227010360501,0,0,0,0,0,0,0
450,Z,1.08550664006032,6.05349373821717e-22,1.31981775620485e-21,6.05349373821717e-22,1.31981775620485e-21,6.05349373821717e-22,1.31981775620485e-21,6.05349373821717e-22
451,M,47.230485279076,0,0,0,0,0,0,0
451,Y,3.68022871129809,0,0,0,0,0,0,0
451,Z,1.08758534097996,5.44814436439546e-22,1.18783598058436e-21,5.44814436439546e-22,1.18783598058436e-21,5.44814436439546e-22,1.18783598058436e-21,5.44814436439546e-22
452,M,47.9074367511684,0,0,0,0,0,0,0
452,Y,3.66280305251854,0,0,0,0,0,0,0
452,Z,1.08811674157265,4.90332992795591e-22,1.06905238252593e-21,4.90332992795591e-22,1.06905238252593e-21,4.90332992795591e-22,1.06905238252593e-21,4.90332992795591e-22
453,M,52.1166930760516,0,0,0,0,0,0,0
453,Y,3.69188060716719,0,0,0,0,0,0,0
453,Z,1.08811829789194,4.41299693516032e-22,9.62147144273333e-22,4.41299693516032e-22,9.62147144273333e-22,4.41299693516032e-22,9.62147144273333e-22,4.41299693516032e-22
454,M,50.5050237684464,0,0,0,0,0,0,0
454,Y,3.71602727519449,0,0,0,0,0,0,0
454,Z,1.09139936960743,3.97169724164429e-22,8.65932429846e-22,3.97169724164429e-22,8.65932429846e-22,3.97169724164429e-22,8.65932429846e-22,3.97169724164429e-22
455,M,48.1545213916018,0,0,0,0,0,0,0
455,Y,3.70481432530041,0,0,0,0,0,0,0
455,Z,1.09556138059215,3.57452751747986e-22,7.793391868614e-22,3.57452751747986e-22,7.793391868614e-22,3.57452751747986e-22,7.793391868614e-22,3.57452751747986e-22
456,M,46.9390692524416,0,0,0,0,0,0,0
456,Y,3.68493489826088,0,0,0,0,0,0,0
456,Z,1.10411218503751,3.21707476573187e-22,7.0140526817526e-22,3.21707476573187e-22,7.0140526817526e-22,3.21707476573187e-22,7.0140526817526e-22,3.21707476573187e-22
457,M,46.7451623271975,0,0,0,0,0,0,0
457,Y,3.65278907185357,0,0,0,0,0,0,0
457,Z,1.10764769173007,2.89536728915869e-22,6.31264741357734e-22,2.89536728915869e-22,6.31264741357734e-22,2.89536728915869e-22,6.31264741357734e-22,2.89536728915869e-22
458,M,44.7706460944777,0,0,0,0,0,0,0
458,Y,3.60101353196567,0,0,0,0,0,0,0
458,Z,1.12020264885127,2.60583056024282e-22,5.6813826722196e-22,2.60583056024282e-22,5.6813826722196e-22,2.60583056024282e-22,5.6813826722196e-22,2.60583056024282e-22
459,M,46.5935814850299,0,0,0,0,0,0,0
459,Y,3.57898565597833,0,0,0,0,0,0,0
459,Z,1.13583572404918,2.34524750421854e-22,5.11324440499764e-22,2.34524750421854e-22,5.11324440499764e-22,2.34524750421854e-22,5.11324440499764e-22,2.34524750421854e-22
460,M,49.134223336527,0,0,0,0,0,0,0
460,Y,3.57920895081085,0,0,0,0,0,0,0
460,Z,1.14966344916014,2.11072275379668e-22,4.60191996449788e-22,2.11072275379668e-22,4.60191996449788e-22,2.11072275379668e-22,4.60191996449788e-22,2.11072275379668e-22
461,M,44.2208010028743,0,0,0,0,0,0,0
461,Y,3.53874997395238,0,0,0,0,0,0,0
461,Z,1.15553537617667,1.89965047841701e-22,4.14172796804809e-22,1.89965047841701e-22,4.14172796804809e-22,1.89965047841701e-22,4.14172796804809e-22,1.89965047841701e-22
462,M,43.3987209025868,0,0,0,0,0,0,0
462,Y,3.49398047081112,0,0,0,0,0,0,0
462,Z,1.15489476563999,1.70968543057531e-22,3.72755517124328e-22,1.70968543057531e-22,3.72755517124328e-22,1.70968543057531e-22,3.72755517124328e-22,1.70968543057531e-22
463,M,46.2588488123281,0,0,0,0,0,0,0
463,Y,3.46563785746782,0,0,0,0,0,0,0
463,Z,1.14942640927112,1.53871688751778e-22,3.35479965411895e-22,1.53871688751778e-22,3.35479965411895e-22,1.53871688751778e-22,3.35479965411895e-22,1.53871688751778e-22
464,M,47.0329639310953,0,0,0,0,0,0,0
464,Y,3.44600708928434,0,0,0,0,0,0,0
464,Z,1.15855125402825,1.384845198766e-22,3.01931968870706e-22,1.384845198766e-22,3.01931968870706e-22,1.384845198766e-22,3.01931968870706e-22,1.384845198766e-22
465,M,50.4296675379858,0,0,0,0,0,0,0
465,Y,3.45375832908461,0,0,0,0,0,0,0
465,Z,1.16612873431548,1.2463606788894e-22,2.71738771983635e-22,1.2463606788894e-22,2.71738771983635e-22,1.2463606788894e-22,2.71738771983635e-22,1.2463606788894e-22
466,M,52.5867007841872,0,0,0,0,0,0,0
466,Y,3.47407203294929,0,0,0,0,0,0,0
466,Z,1.16260999182529,1.12172461100046e-22,2.44564894785272e-22,1.12172461100046e-22,2.44564894785272e-22,1.12172461100046e-22,2.44564894785272e-22,1.12172461100046e-22
467,M,52.7280307057685,0,0,0,0,0,0,0
467,Y,3.49863528494362,0,0,0,0,0,0,0
467,Z,1.15637161697609,1.00955214990042e-22,2.20108405306745e-22,1.00955214990042e-22,2.20108405306745e-22,1.00955214990042e-22,2.20108405306745e-22,1.00955214990042e-22
468,M,50.1552276351917,0,0,0,0,0,0,0
468,Y,3.50131989828086,0,0,0,0,0,0,0
468,Z,1.14628391602941,9.08596934910375e-23,1.9809756477607e-22,9.08596934910375e-23,1.9809756477607e-22,9.08596934910375e-23,1.9809756477607e-22,9.08596934910375e-23
469,M,49.6397048716725,0,0,0,0,0,0,0
469,Y,3.48115531491125,0,0,0,0,0,0,0
469,Z,1.1300362029943,8.17737241419338e-23,1.78287808298463e-22,8.17737241419338e-23,1.78287808298463e-22,8.17737241419338e-23,1.78287808298463e-22,8.17737241419338e-23
470,M,46.4757343845052,0,0,0,0,0,0,0
470,Y,3.44055237804926,0,0,0,0,0,0,0
470,Z,1.12312362210012,7.35963517277404e-23,1.60459027468617e-22,7.35963517277404e-23,1.60459027468617e-22,7.35963517277404e-23,1.60459027468617e-22,7.35963517277404e-23
471,M,51.7281609460547,0,0,0,0,0,0,0
471,Y,3.44153347780815,0,0,0,0,0,0,0
471,Z,1.12319369438462,6.62367165549664e-23,1.44413124721755e-22,6.62367165549664e-23,1.44413124721755e-22,6.62367165549664e-23,1.44413124721755e-22,6.62367165549664e-23
472,M,54.6553448514493,0,0,0,0,0,0,0
472,Y,3.46317824475078,0,0,0,0,0,0,0
472,Z,1.11049723873947,5.96130448994697e-23,1.2997181224958e-22,5.96130448994697e-23,1.2997181224958e-22,5.96130448994697e-23,1.2997181224958e-22,5.96130448994697e-23
473,M,59.9898103663043,0,0,0,0,0,0,0
473,Y,3.52036777317792,0,0,0,0,0,0,0
473,Z,1.09644809427206,5.36517404095228e-23,1.16974631024622e-22,5.36517404095228e-23,1.16974631024622e-22,5.36517404095228e-23,1.16974631024622e-22,5.36517404095228e-23
474,M,60.2908293296739,0,0,0,0,0,0,0
474,Y,3.54834154316989,0,0,0,0,0,0,0
474,Z,1.08755388188405,4.82865663685705e-23,1.0527716792216e-22,4.82865663685705e-23,1.0527716792216e-22,4.82865663685705e-23,1.0527716792216e-22,4.82865663685705e-23
475,M,58.7617463967065,0,0,0,0,0,0,0
475,Y,3.56299606817182,0,0,0,0,0,0,0
475,Z,1.08139353881868,4.34579097317134e-23,9.47494511299436e-23,4.34579097317134e-23,9.47494511299436e-23,4.34579097317134e-23,9.47494511299436e-23,4.34579097317134e-23
476,M,57.3855717570359,0,0,0,0,0,0,0
476,Y,3.56429666945722,0,0,0,0,0,0,0
476,Z,1.08382596000084,3.91121187585421e-23,8.52745060169492e-23,3.91121187585421e-23,8.52745060169492e-23,3.91121187585421e-23,8.52745060169492e-23,3.91121187585421e-23
477,M,56.1470145813323,0,0,0,0,0,0,0
477,Y,3.54397191045043,0,0,0,0,0,0,0
477,Z,1.09020061551941,3.52009068826879e-23,7.67470554152543e-23,3.52009068826879e-23,7.67470554152543e-23,3.52009068826879e-23,7.67470554152543e-23,3.52009068826879e-23
478,M,56.832313123199,0,0,0,0,0,0,0
478,Y,3.54093422194246,0,0,0,0,0,0,0
478,Z,1.09790882426967,3.16808161944191e-23,6.90723498737289e-23,3.16808161944191e-23,6.90723498737289e-23,3.16808161944191e-23,6.90723498737289e-23,3.16808161944191e-23
479,M,56.5490818108791,0,0,0,0,0,0,0
479,Y,3.5416206441023,0,0,0,0,0,0,0
479,Z,1.09875128438129,2.85127345749772e-23,6.2165114886356e-23,2.85127345749772e-23,6.2165114886356e-23,2.85127345749772e-23,6.2165114886356e-23,2.85127345749772e-23
480,M,56.2941736297912,0,0,0,0,0,0,0
480,Y,3.5565103281695,0,0,0,0,0,0,0
480,Z,1.09242342445417,2.56614611174795e-23,5.59486033977204e-23,2.56614611174795e-23,5.59486033977204e-23,2.56614611174795e-23,5.59486033977204e-23,2.56614611174795e-23
481,M,55.1647562668121,0,0,0,0,0,0,0
481,Y,3.57490354445669,0,0,0,0,0,0,0
481,Z,1.07968179263451,2.30953150057315e-23,5.03537430579483e-23,2.30953150057315e-23,5.03537430579483e-23,2.30953150057315e-23,5.03537430579483e-23,2.30953150057315e-23
482,M,55.0482806401309,0,0,0,0,0,0,0
482,Y,3.59059473297677,0,0,0,0,0,0,0
482,Z,1.07998967213467,2.07857835051584e-23,4.53183687521535e-23,2.07857835051584e-23,4.53183687521535e-23,2.07857835051584e-23,4.53183687521535e-23,2.07857835051584e-23
483,M,55.8434525761178,0,0,0,0,0,0,0
483,Y,3.61034105911287,0,0,0,0,0,0,0
483,Z,1.08678202935116,1.87072051546425e-23,4.07865318769382e-23,1.87072051546425e-23,4.07865318769382e-23,1.87072051546425e-23,4.07865318769382e-23,1.87072051546425e-23
484,M,54.759107318506,0,0,0,0,0,0,0
484,Y,3.62017751579402,0,0,0,0,0,0,0
484,Z,1.10472870935699,1.68364846391783e-23,3.67078786892443e-23,1.68364846391783e-23,3.67078786892443e-23,1.68364846391783e-23,3.67078786892443e-23,1.68364846391783e-23
485,M,59.1831965866554,0,0,0,0,0,0,0
485,Y,3.66082002933589,0,0,0,0,0,0,0
485,Z,1.11350717479305,1.51528361752605e-23,3.30370908203199e-23,1.51528361752605e-23,3.30370908203199e-23,1.51528361752605e-23,3.30370908203199e-23,1.51528361752605e-23
486,M,55.9648769279899,0,0,0,0,0,0,0
486,Y,3.67119496079963,0,0,0,0,0,0,0
486,Z,1.11810592001933,1.36375525577344e-23,2.97333817382879e-23,1.36375525577344e-23,2.97333817382879e-23,1.36375525577344e-23,2.97333817382879e-23,1.36375525577344e-23
487,M,55.7683892351909,0,0,0,0,0,0,0
487,Y,3.6763240067156,0,0,0,0,0,0,0
487,Z,1.11851406248397,1.2273797301961e-23,2.67600435644591e-23,1.2273797301961e-23,2.67600435644591e-23,1.2273797301961e-23,2.67600435644591e-23,1.2273797301961e-23
488,M,56.4915503116718,0,0,0,0,0,0,0
488,Y,3.68877252192107,0,0,0,0,0,0,0
488,Z,1.11213593774467,1.10464175717649e-23,2.40840392080132e-23,1.10464175717649e-23,2.40840392080132e-23,1.10464175717649e-23,2.40840392080132e-23,1.10464175717649e-23
489,M,58.9423952805046,0,0,0,0,0,0,0
489,Y,3.71743239574397,0,0,0,0,0,0,0
489,Z,1.11118267890324,9.94177581458839e-24,2.16756352872119e-23,9.94177581458839e-24,2.16756352872119e-23,9.94177581458839e-24,2.16756352872119e-23,9.94177581458839e-24
490,M,61.1481557524542,0,0,0,0,0,0,0
490,Y,3.76184441352993,0,0,0,0,0,0,0
490,Z,1.11139808545039,8.94759823312955e-24,1.95080717584907e-23,8.94759823312955e-24,1.95080717584907e-23,8.94759823312955e-24,1.95080717584907e-23,8.94759823312955e-24
491,M,57.7333401772087,0,0,0,0,0,0,0
491,Y,3.77410688677227,0,0,0,0,0,0,0
491,Z,1.11607062608311,8.0528384098166e-24,1.75572645826416e-23,8.0528384098166e-24,1.75572645826416e-23,8.0528384098166e-24,1.75572645826416e-23,8.0528384098166e-24
492,M,57.3600061594879,0,0,0,0,0,0,0
492,Y,3.78237529979495,0,0,0,0,0,0,0
492,Z,1.12184261225021,7.24755456883494e-24,1.58015381243775e-23,7.24755456883494e-24,1.58015381243775e-23,7.24755456883494e-24,1.58015381243775e-23,7.24755456883494e-24
493,M,56.1240055435391,0,0,0,0,0,0,0
493,Y,3.78092976704041,0,0,0,0,0,0,0
493,Z,1.12676667347306,6.52279911195144e-24,1.42213843119397e-23,6.52279911195144e-24,1.42213843119397e-23,6.52279911195144e-24,1.42213843119397e-23,6.52279911195144e-24
494,M,54.1116049891852,0,0,0,0,0,0,0
494,Y,3.76525533952982,0,0,0,0,0,0,0
494,Z,1.13296327984841,5.8705192007563e-24,1.27992458807458e-23,5.8705192007563e-24,1.27992458807458e-23,5.8705192007563e-24,1.27992458807458e-23,5.8705192007563e-24
495,M,56.8004444902667,0,0,0,0,0,0,0
495,Y,3.77046647229395,0,0,0,0,0,0,0
495,Z,1.13605006418294,5.28346728068067e-24,1.15193212926712e-23,5.28346728068067e-24,1.15193212926712e-23,5.28346728068067e-24,1.15193212926712e-23,5.28346728068067e-24
496,M,56.52040004124,0,0,0,0,0,0,0
496,Y,3.77037001653444,0,0,0,0,0,0,0
496,Z,1.14880411558411,4.7551205526126e-24,1.03673891634041e-23,4.7551205526126e-24,1.03673891634041e-23,4.7551205526126e-24,1.03673891634041e-23,4.7551205526126e-24
497,M,57.168360037116,0,0,0,0,0,0,0
497,Y,3.77764596760507,0,0,0,0,0,0,0
497,Z,1.15205987901114,4.27960849735134e-24,9.33065024706366e-24,4.27960849735134e-24,9.33065024706366e-24,4.27960849735134e-24,9.33065024706366e-24,4.27960849735134e-24
498,M,57.7515240334044,0,0,0,0,0,0,0
498,Y,3.77500628982118,0,0,0,0,0,0,0
498,Z,1.1536694279674,3.85164764761621e-24,8.39758522235729e-24,3.85164764761621e-24,8.39758522235729e-24,3.85164764761621e-24,8.39758522235729e-24,3.85164764761621e-24
499,M,59.176371630064,0,0,0,0,0,0,0
499,Y,3.77957127396947,0,0,0,0,0,0,0
499,Z,1.15757590394446,3.46648288285459e-24,7.55782670012156e-24,3.46648288285459e-24,7.55782670012156e-24,3.46648288285459e-24,7.55782670012156e-24,3.46648288285459e-24
500,M,53.2587344670576,0,0,0,0,0,0,0
500,Y,3.74560981801949,0,0,0,0,0,0,0
500,Z,1.16656967603269,3.11983459456913e-24,6.8020440301094e-24,3.11983459456913e-24,6.8020440301094e-24,3.11983459456913e-24,6.8020440301094e-24,3.11983459456913e-24
501,M,53.3328610203518,0,0,0,0,0,0,0
501,Y,3.71326888042241,0,0,0,0,0,0,0
501,Z,1.18050663780766,2.80785113511222e-24,6.12183962709846e-24,2.80785113511222e-24,6.12183962709846e-24,2.80785113511222e-24,6.12183962709846e-24,2.80785113511222e-24
502,M,54.2995749183166,0,0,0,0,0,0,0
502,Y,3.69096444581569,0,0,0,0,0,0,0
502,Z,1.18435473184538,2.52706602160099e-24,5.50965566438862e-24,2.52706602160099e-24,5.50965566438862e-24,2.52706602160099e-24,5.50965566438862e-24,2.52706602160099e-24
503,M,54.269617426485,0,0,0,0,0,0,0
503,Y,3.66829396752628,0,0,0,0,0,0,0
503,Z,1.18694944746475,2.2743594194409e-24,4.95869009794976e-24,2.2743594194409e-24,4.95869009794976e-24,2.2743594194409e-24,4.95869009794976e-24,2.2743594194409e-24
504,M,53.3426556838365,0,0,0,0,0,0,0
504,Y,3.62702227356194,0,0,0,0,0,0,0
504,Z,1.18649582396938,2.04692347749681e-24,4.46282108815478e-24,2.04692347749681e-24,4.46282108815478e-24,2.04692347749681e-24,4.46282108815478e-24,2.04692347749681e-24
505,M,54.3083901154528,0,0,0,0,0,0,0
505,Y,3.5962935872117,0,0,0,0,0,0,0
505,Z,1.18157702252891,1.84223112974713e-24,4.0165389793393e-24,1.84223112974713e-24,4.0165389793393e-24,1.84223112974713e-24,4.0165389793393e-24,1.84223112974713e-24
506,M,56.0775511039075,0,0,0,0,0,0,0
506,Y,3.58283130616859,0,0,0,0,0,0,0
506,Z,1.18321233120792,1.65800801677241e-24,3.61488508140537e-24,1.65800801677241e-24,3.61488508140537e-24,1.65800801677241e-24,3.61488508140537e-24,1.65800801677241e-24
507,M,55.8697959935168,0,0,0,0,0,0,0
507,Y,3.56695253227798,0,0,0,0,0,0,0
507,Z,1.18318206236853,1.49220721509517e-24,3.25339657326484e-24,1.49220721509517e-24,3.25339657326484e-24,1.49220721509517e-24,3.25339657326484e-24,1.49220721509517e-24
508,M,53.8828163941651,0,0,0,0,0,0,0
508,Y,3.55719934341287,0,0,0,0,0,0,0
508,Z,1.18546533291113,1.34298649358565e-24,2.92805691593835e-24,1.34298649358565e-24,2.92805691593835e-24,1.34298649358565e-24,2.92805691593835e-24,1.34298649358565e-24
509,M,52.0945347547486,0,0,0,0,0,0,0
509,Y,3.53635998798583,0,0,0,0,0,0,0
509,Z,1.18463697405228,1.20868784422709e-24,2.63525122434452e-24,1.20868784422709e-24,2.63525122434452e-24,1.20868784422709e-24,2.63525122434452e-24,1.20868784422709e-24
510,M,52.2850812792737,0,0,0,0,0,0,0
510,Y,3.51903902535659,0,0,0,0,0,0,0
510,Z,1.186069514449,1.08781905980438e-24,2.37172610191007e-24,1.08781905980438e-24,2.37172610191007e-24,1.08781905980438e-24,2.37172610191007e-24,1.08781905980438e-24
511,M,58.7565731513464,0,0,0,0,0,0,0
511,Y,3.54788189867506,0,0,0,0,0,0,0
511,Z,1.17541204971325,9.79037153823942e-25,2.13455349171906e-24,9.79037153823942e-25,2.13455349171906e-24,9.79037153823942e-25,2.13455349171906e-24,9.79037153823942e-25
512,M,59.1809158362117,0,0,0,0,0,0,0
512,Y,3.5765691228636,0,0,0,0,0,0,0
512,Z,1.1652631208078,8.81133438441548e-25,1.92109814254715e-24,8.81133438441548e-25,1.92109814254715e-24,8.81133438441548e-25,1.92109814254715e-24,8.81133438441548e-25
513,M,55.9628242525906,0,0,0,0,0,0,0
513,Y,3.5775514213188,0,0,0,0,0,0,0
513,Z,1.15826375288842,7.93020094597393e-25,1.72898832829244e-24,7.93020094597393e-25,1.72898832829244e-24,7.93020094597393e-25,1.72898832829244e-24,7.93020094597393e-25
514,M,55.7665418273315,0,0,0,0,0,0,0
514,Y,3.57968381224654,0,0,0,0,0,0,0
514,Z,1.15114951658277,7.13718085137654e-25,1.55608949546319e-24,7.13718085137654e-25,1.55608949546319e-24,7.13718085137654e-25,1.55608949546319e-24,7.13718085137654e-25
515,M,57.3898876445984,0,0,0,0,0,0,0
515,Y,3.5900389451018,0,0,0,0,0,0,0
515,Z,1.13819802169818,6.42346276623888e-25,1.40048054591687e-24,6.42346276623888e-25,1.40048054591687e-24,6.42346276623888e-25,1.40048054591687e-24,6.42346276623888e-25
516,M,58.8508988801385,0,0,0,0,0,0,0
516,Y,3.60920967114792,0,0,0,0,0,0,0
516,Z,1.12855503431755,5.781116489615e-25,1.26043249132519e-24,5.781116489615e-25,1.26043249132519e-24,5.781116489615e-25,1.26043249132519e-24,5.781116489615e-25
517,M,56.5658089921247,0,0,0,0,0,0,0
517,Y,3.59769330940325,0,0,0,0,0,0,0
517,Z,1.12433042787868,5.2030048406535e-25,1.13438924219267e-24,5.2030048406535e-25,1.13438924219267e-24,5.2030048406535e-25,1.13438924219267e-24,5.2030048406535e-25
518,M,55.4092280929122,0,0,0,0,0,0,0
518,Y,3.5925577676889,0,0,0,0,0,0,0
518,Z,1.11934750037889,4.68270435658815e-25,1.0209503179734e-24,4.68270435658815e-25,1.0209503179734e-24,4.68270435658815e-25,1.0209503179734e-24,4.68270435658815e-25
519,M,52.568305283621,0,0,0,0,0,0,0
519,Y,3.56874336510048,0,0,0,0,0,0,0
519,Z,1.11628684636735,4.21443392092933e-25,9.18855286176062e-25,4.21443392092933e-25,9.18855286176062e-25,4.21443392092933e-25,9.18855286176062e-25,4.21443392092933e-25
520,M,56.3114747552589,0,0,0,0,0,0,0
520,Y,3.58849116366681,0,0,0,0,0,0,0
520,Z,1.10974723581866,3.7929905288364e-25,8.26969757558456e-25,3.7929905288364e-25,8.26969757558456e-25,3.7929905288364e-25,8.26969757558456e-25,3.7929905288364e-25
521,M,54.280327279733,0,0,0,0,0,0,0
521,Y,3.57685801071939,0,0,0,0,0,0,0
521,Z,1.10431173421112,3.41369147595276e-25,7.4427278180261e-25,3.41369147595276e-25,7.4427278180261e-25,3.41369147595276e-25,7.4427278180261e-25,3.41369147595276e-25
522,M,55.1522945517597,0,0,0,0,0,0,0
522,Y,3.57228033450228,0,0,0,0,0,0,0
522,Z,1.11336293348014,3.07232232835748e-25,6.69845503622349e-25,3.07232232835748e-25,6.69845503622349e-25,3.07232232835748e-25,6.69845503622349e-25,3.07232232835748e-25
523,M,57.7370650965837,0,0,0,0,0,0,0
523,Y,3.60176322255488,0,0,0,0,0,0,0
523,Z,1.12236528840292,2.76509009552174e-25,6.02860953260114e-25,2.76509009552174e-25,6.02860953260114e-25,2.76509009552174e-25,6.02860953260114e-25,2.76509009552174e-25
524,M,54.6633585869254,0,0,0,0,0,0,0
524,Y,3.63660028636616,0,0,0,0,0,0,0
524,Z,1.12267354406668,2.48858108596956e-25,5.42574857934103e-25,2.48858108596956e-25,5.42574857934103e-25,2.48858108596956e-25,5.42574857934103e-25,2.48858108596956e-25
525,M,53.6970227282328,0,0,0,0,0,0,0
525,Y,3.67530318154913,0,0,0,0,0,0,0
525,Z,1.12334271093481,2.23972297737261e-25,4.88317372140692e-25,2.23972297737261e-25,4.88317372140692e-25,2.23972297737261e-25,4.88317372140692e-25,2.23972297737261e-25
526,M,54.6273204554095,0,0,0,0,0,0,0
526,Y,3.71739194781386,0,0,0,0,0,0,0
526,Z,1.12659226134871,2.01575067963535e-25,4.39485634926623e-25,2.01575067963535e-25,4.39485634926623e-25,2.01575067963535e-25,4.39485634926623e-25,2.01575067963535e-25
527,M,55.4645884098686,0,0,0,0,0,0,0
527,Y,3.76468965616916,0,0,0,0,0,0,0
527,Z,1.13260823831672,1.81417561167181e-25,3.95537071433961e-25,1.81417561167181e-25,3.95537071433961e-25,1.81417561167181e-25,3.95537071433961e-25,1.81417561167181e-25
528,M,55.3181295688817,0,0,0,0,0,0,0
528,Y,3.80575990576316,0,0,0,0,0,0,0
528,Z,1.12899428197284,1.63275805050463e-25,3.55983364290565e-25,1.63275805050463e-25,3.55983364290565e-25,1.63275805050463e-25,3.55983364290565e-25,1.63275805050463e-25
529,M,56.9863166119936,0,0,0,0,0,0,0
529,Y,3.85900563263702,0,0,0,0,0,0,0
529,Z,1.12738269456621,1.46948224545417e-25,3.20385027861508e-25,1.46948224545417e-25,3.20385027861508e-25,1.46948224545417e-25,3.20385027861508e-25,1.46948224545417e-25
530,M,54.8876849507942,0,0,0,0,0,0,0
530,Y,3.87425204139447,0,0,0,0,0,0,0
530,Z,1.11990948269441,1.32253402090875e-25,2.88346525075358e-25,1.32253402090875e-25,2.88346525075358e-25,1.32253402090875e-25,2.88346525075358e-25,1.32253402090875e-25
531,M,53.8989164557148,0,0,0,0,0,0,0
531,Y,3.88004195275547,0,0,0,0,0,0,0
531,Z,1.12610655113398,1.19028061881788e-25,2.59511872567822e-25,1.19028061881788e-25,2.59511872567822e-25,1.19028061881788e-25,2.59511872567822e-25,1.19028061881788e-25
532,M,54.8090248101433,0,0,0,0,0,0,0
532,Y,3.89231026260197,0,0,0,0,0,0,0
532,Z,1.12245594447314,1.07125255693609e-25,2.3356068531104e-25,1.07125255693609e-25,2.3356068531104e-25,1.07125255693609e-25,2.3356068531104e-25,1.07125255693609e-25
533,M,54.728122329129,0,0,0,0,0,0,0
533,Y,3.86943177085573,0,0,0,0,0,0,0
533,Z,1.12101942117074,9.64127301242479e-26,2.10204616779936e-25,9.64127301242479e-26,2.10204616779936e-25,9.64127301242479e-26,2.10204616779936e-25,9.64127301242479e-26
534,M,52.8553100962161,0,0,0,0,0,0,0
534,Y,3.83536077092748,0,0,0,0,0,0,0
534,Z,1.13027146384499,8.67714571118231e-26,1.89184155101942e-25,8.67714571118231e-26,1.89184155101942e-25,8.67714571118231e-26,1.89184155101942e-25,8.67714571118231e-26
535,M,55.6697790865945,0,0,0,0,0,0,0
535,Y,3.8070002816979,0,0,0,0,0,0,0
535,Z,1.14120370360563,7.80943114006408e-26,1.70265739591748e-25,7.80943114006408e-26,1.70265739591748e-25,7.80943114006408e-26,1.70265739591748e-25,7.80943114006408e-26
536,M,52.802801177935,0,0,0,0,0,0,0
536,Y,3.76202532039511,0,0,0,0,0,0,0
536,Z,1.15334908221341,7.02848802605767e-26,1.53239165632573e-25,7.02848802605767e-26,1.53239165632573e-25,7.02848802605767e-26,1.53239165632573e-25,7.02848802605767e-26
537,M,52.0225210601415,0,0,0,0,0,0,0
537,Y,3.71651684180117,0,0,0,0,0,0,0
537,Z,1.16655698304363,6.32563922345191e-26,1.37915249069316e-25,6.32563922345191e-26,1.37915249069316e-25,6.32563922345191e-26,1.37915249069316e-25,6.32563922345191e-26
538,M,51.3202689541274,0,0,0,0,0,0,0
538,Y,3.6851426230111,0,0,0,0,0,0,0
538,Z,1.1813995050963,5.69307530110672e-26,1.24123724162384e-25,5.69307530110672e-26,1.24123724162384e-25,5.69307530110672e-26,1.24123724162384e-25,5.69307530110672e-26
539,M,54.2882420587146,0,0,0,0,0,0,0
539,Y,3.67826558783057,0,0,0,0,0,0,0
539,Z,1.19428778460296,5.12376777099604e-26,1.11711351746146e-25,5.12376777099604e-26,1.11711351746146e-25,5.12376777099604e-26,1.11711351746146e-25,5.12376777099604e-26
540,M,53.3594178528432,0,0,0,0,0,0,0
540,Y,3.68021933562086,0,0,0,0,0,0,0
540,Z,1.21099685789249,4.61139099389644e-26,1.00540216571531e-25,4.61139099389644e-26,1.00540216571531e-25,4.61139099389644e-26,1.00540216571531e-25,4.61139099389644e-26
541,M,49.8234760675589,0,0,0,0,0,0,0
541,Y,3.65844785550707,0,0,0,0,0,0,0
541,Z,1.2157813425129,4.1502518945068e-26,9.04861949143781e-26,4.1502518945068e-26,9.04861949143781e-26,4.1502518945068e-26,9.04861949143781e-26,4.1502518945068e-26
542,M,52.941128460803,0,0,0,0,0,0,0
542,Y,3.66222889082295,0,0,0,0,0,0,0
542,Z,1.2175982780484,3.73522670505612e-26,8.14375754229403e-26,3.73522670505612e-26,8.14375754229403e-26,3.73522670505612e-26,8.14375754229403e-26,3.73522670505612e-26
543,M,48.5470156147227,0,0,0,0,0,0,0
543,Y,3.63289311275505,0,0,0,0,0,0,0
543,Z,1.22144820367435,3.36170403455051e-26,7.32938178806463e-26,3.36170403455051e-26,7.32938178806463e-26,3.36170403455051e-26,7.32938178806463e-26,3.36170403455051e-26
544,M,50.8923140532504,0,0,0,0,0,0,0
544,Y,3.6267548176807,0,0,0,0,0,0,0
544,Z,1.21426869054182,3.02553363109546e-26,6.59644360925816e-26,3.02553363109546e-26,6.59644360925816e-26,3.02553363109546e-26,6.59644360925816e-26,3.02553363109546e-26
545,M,50.3030826479254,0,0,0,0,0,0,0
545,Y,3.61687172050274,0,0,0,0,0,0,0
545,Z,1.20357684974495,2.72298026798591e-26,5.93679924833235e-26,2.72298026798591e-26,5.93679924833235e-26,2.72298026798591e-26,5.93679924833235e-26,2.72298026798591e-26
546,M,46.1727743831328,0,0,0,0,0,0,0
546,Y,3.57706647127167,0,0,0,0,0,0,0
546,Z,1.19467702771442,2.45068224118732e-26,5.34311932349911e-26,2.45068224118732e-26,5.34311932349911e-26,2.45068224118732e-26,5.34311932349911e-26,2.45068224118732e-26
547,M,42.4554969448196,0,0,0,0,0,0,0
547,Y,3.5114828888323,0,0,0,0,0,0,0
547,Z,1.18056340829886,2.20561401706859e-26,4.8088073911492e-26,2.20561401706859e-26,4.8088073911492e-26,2.20561401706859e-26,4.8088073911492e-26,2.20561401706859e-26
548,M,40.9099472503376,0,0,0,0,0,0,0
548,Y,3.44137502563343,0,0,0,0,0,0,0
548,Z,1.16628236550415,1.98505261536173e-26,4.32792665203428e-26,1.98505261536173e-26,4.32792665203428e-26,1.98505261536173e-26,4.32792665203428e-26,1.98505261536173e-26
549,M,42.2189525253038,0,0,0,0,0,0,0
549,Y,3.39063452284734,0,0,0,0,0,0,0
549,Z,1.15643680320378,1.78654735382556e-26,3.89513398683085e-26,1.78654735382556e-26,3.89513398683085e-26,1.78654735382556e-26,3.89513398683085e-26,1.78654735382556e-26
550,M,45.1970572727735,0,0,0,0,0,0,0
550,Y,3.3676620914263,0,0,0,0,0,0,0
550,Z,1.15427871669445,1.607892618443e-26,3.50562058814777e-26,1.607892618443e-26,3.50562058814777e-26,1.607892618443e-26,3.50562058814777e-26,1.607892618443e-26
551,M,43.3773515454961,0,0,0,0,0,0,0
551,Y,3.33128555130694,0,0,0,0,0,0,0
551,Z,1.15489182345313,1.4471033565987e-26,3.15505852933299e-26,1.4471033565987e-26,3.15505852933299e-26,1.4471033565987e-26,3.15505852933299e-26,1.4471033565987e-26
552,M,43.5396163909465,0,0,0,0,0,0,0
552,Y,3.31196720248509,0,0,0,0,0,0,0
552,Z,1.14805970230086,1.30239302093883e-26,2.83955267639969e-26,1.30239302093883e-26,2.83955267639969e-26,1.30239302093883e-26,2.83955267639969e-26,1.30239302093883e-26
553,M,44.5856547518518,0,0,0,0,0,0,0
553,Y,3.3052703701577,0,0,0,0,0,0,0
553,Z,1.14924623124717,1.17215371884495e-26,2.55559740875972e-26,1.17215371884495e-26,2.55559740875972e-26,1.17215371884495e-26,2.55559740875972e-26,1.17215371884495e-26
554,M,49.1270892766667,0,0,0,0,0,0,0
554,Y,3.3484753801119,0,0,0,0,0,0,0
554,Z,1.14004035324492,1.05493834696045e-26,2.30003766788375e-26,1.05493834696045e-26,2.30003766788375e-26,1.05493834696045e-26,2.30003766788375e-26,1.05493834696045e-26
555,M,48.714380349,0,0,0,0,0,0,0
555,Y,3.39741261034021,0,0,0,0,0,0,0
555,Z,1.13811409120866,9.49444512264407e-27,2.07003390109538e-26,9.49444512264407e-27,2.07003390109538e-26,9.49444512264407e-27,2.07003390109538e-26,9.49444512264407e-27
556,M,50.1429423141,0,0,0,0,0,0,0
556,Y,3.46421924999862,0,0,0,0,0,0,0
556,Z,1.13501267059203,8.54500061037967e-27,1.86303051098584e-26,8.54500061037967e-27,1.86303051098584e-26,8.54500061037967e-27,1.86303051098584e-26,8.54500061037967e-27
557,M,52.32864808269,0,0,0,0,0,0,0
557,Y,3.54278305484323,0,0,0,0,0,0,0
557,Z,1.12252136160332,7.6905005493417e-27,1.67672745988725e-26,7.6905005493417e-27,1.67672745988725e-26,7.6905005493417e-27,1.67672745988725e-26,7.6905005493417e-27
558,M,54.295783274421,0,0,0,0,0,0,0
558,Y,3.6298687051212,0,0,0,0,0,0,0
558,Z,1.1019405385043,6.92145049440753e-27,1.50905471389853e-26,6.92145049440753e-27,1.50905471389853e-26,6.92145049440753e-27,1.50905471389853e-26,6.92145049440753e-27
559,M,54.2662049469789,0,0,0,0,0,0,0
559,Y,3.7073134889531,0,0,0,0,0,0,0
559,Z,1.07993994816326,6.22930544496678e-27,1.35814924250868e-26,6.22930544496678e-27,1.35814924250868e-26,6.22930544496678e-27,1.35814924250868e-26,6.22930544496678e-27
560,M,54.239584452281,0,0,0,0,0,0,0
560,Y,3.7611339973362,0,0,0,0,0,0,0
560,Z,1.06401704073806,5.6063749004701e-27,1.22233431825781e-26,5.6063749004701e-27,1.22233431825781e-26,5.6063749004701e-27,1.22233431825781e-26,5.6063749004701e-27
561,M,51.5156260070529,0,0,0,0,0,0,0
561,Y,3.78929659368779,0,0,0,0,0,0,0
561,Z,1.05680804834018,5.04573741042309e-27,1.10010088643203e-26,5.04573741042309e-27,1.10010088643203e-26,5.04573741042309e-27,1.10010088643203e-26,5.04573741042309e-27
562,M,50.8640634063476,0,0,0,0,0,0,0
562,Y,3.80897783179616,0,0,0,0,0,0,0
562,Z,1.04539270460164,4.54116366938078e-27,9.90090797788825e-27,4.54116366938078e-27,9.90090797788825e-27,4.54116366938078e-27,9.90090797788825e-27,4.54116366938078e-27
563,M,51.1776570657129,0,0,0,0,0,0,0
563,Y,3.82336350246067,0,0,0,0,0,0,0
563,Z,1.03933040204238,4.0870473024427e-27,8.91081718009943e-27,4.0870473024427e-27,8.91081718009943e-27,4.0870473024427e-27,8.91081718009943e-27,4.0870473024427e-27
564,M,53.2598913591416,0,0,0,0,0,0,0
564,Y,3.8533967577481,0,0,0,0,0,0,0
564,Z,1.0372288650978,3.67834257219843e-27,8.01973546208949e-27,3.67834257219843e-27,8.01973546208949e-27,3.67834257219843e-27,8.01973546208949e-27,3.67834257219843e-27
565,M,53.3339022232274,0,0,0,0,0,0,0
565,Y,3.88081524773199,0,0,0,0,0,0,0
565,Z,1.05078705502561,3.31050831497859e-27,7.21776191588054e-27,3.31050831497859e-27,7.21776191588054e-27,3.31050831497859e-27,7.21776191588054e-27,3.31050831497859e-27
566,M,51.6005120009047,0,0,0,0,0,0,0
566,Y,3.8909397125166,0,0,0,0,0,0,0
566,Z,1.06614407641455,2.97945748348073e-27,6.49598572429248e-27,2.97945748348073e-27,6.49598572429248e-27,2.97945748348073e-27,6.49598572429248e-27,2.97945748348073e-27
567,M,52.7404608008142,0,0,0,0,0,0,0
567,Y,3.90941208781636,0,0,0,0,0,0,0
567,Z,1.08710870782852,2.68151173513266e-27,5.84638715186324e-27,2.68151173513266e-27,5.84638715186324e-27,2.68151173513266e-27,5.84638715186324e-27,2.68151173513266e-27
568,M,54.6664147207328,0,0,0,0,0,0,0
568,Y,3.92683064108219,0,0,0,0,0,0,0
568,Z,1.11176286225791,2.41336056161939e-27,5.26174843667691e-27,2.41336056161939e-27,5.26174843667691e-27,2.41336056161939e-27,5.26174843667691e-27,2.41336056161939e-27
569,M,53.6997732486595,0,0,0,0,0,0,0
569,Y,3.93455792994419,0,0,0,0,0,0,0
569,Z,1.13909126208252,2.17202450545745e-27,4.73557359300922e-27,2.17202450545745e-27,4.73557359300922e-27,2.17202450545745e-27,4.73557359300922e-27,2.17202450545745e-27
570,M,53.7297959237936,0,0,0,0,0,0,0
570,Y,3.94169584081363,0,0,0,0,0,0,0
570,Z,1.16339425586087,1.95482205491171e-27,4.2620162337083e-27,1.95482205491171e-27,4.2620162337083e-27,1.95482205491171e-27,4.2620162337083e-27,1.95482205491171e-27
571,M,52.8568163314142,0,0,0,0,0,0,0
571,Y,3.92662956811068,0,0,0,0,0,0,0
571,Z,1.18028370167844,1.75933984942054e-27,3.83581461033747e-27,1.75933984942054e-27,3.83581461033747e-27,1.75933984942054e-27,3.83581461033747e-27,1.75933984942054e-27
572,M,51.1711346982728,0,0,0,0,0,0,0
572,Y,3.90011288358719,0,0,0,0,0,0,0
572,Z,1.18912142282697,1.58340586447848e-27,3.45223314930372e-27,1.58340586447848e-27,3.45223314930372e-27,1.58340586447848e-27,3.45223314930372e-27,1.58340586447848e-27
573,M,48.7540212284455,0,0,0,0,0,0,0
573,Y,3.86039063746831,0,0,0,0,0,0,0
573,Z,1.19529760388955,1.42506527803064e-27,3.10700983437335e-27,1.42506527803064e-27,3.10700983437335e-27,1.42506527803064e-27,3.10700983437335e-27,1.42506527803064e-27
574,M,51.078619105601,0,0,0,0,0,0,0
574,Y,3.8570072668283,0,0,0,0,0,0,0
574,Z,1.19981197977593,1.28255875022757e-27,2.79630885093602e-27,1.28255875022757e-27,2.79630885093602e-27,1.28255875022757e-27,2.79630885093602e-27,1.28255875022757e-27
575,M,48.6707571950409,0,0,0,0,0,0,0
575,Y,3.86145310900082,0,0,0,0,0,0,0
575,Z,1.2092367335202,1.15430287520481e-27,2.51667796584241e-27,1.15430287520481e-27,2.51667796584241e-27,1.15430287520481e-27,2.51667796584241e-27,1.15430287520481e-27
576,M,48.3036814755368,0,0,0,0,0,0,0
576,Y,3.86244552394317,0,0,0,0,0,0,0
576,Z,1.21784094620594,1.03887258768433e-27,2.26501016925817e-27,1.03887258768433e-27,2.26501016925817e-27,1.03887258768433e-27,2.26501016925817e-27,1.03887258768433e-27
577,M,47.0733133279831,0,0,0,0,0,0,0
577,Y,3.85547533198052,0,0,0,0,0,0,0
577,Z,1.22101811053509,9.349853289159e-28,2.03850915233236e-27,9.349853289159e-28,2.03850915233236e-27,9.349853289159e-28,2.03850915233236e-27,9.349853289159e-28
578,M,44.1659819951848,0,0,0,0,0,0,0
578,Y,3.82398332946901,0,0,0,0,0,0,0
578,Z,1.2268149376391,8.4148679602431e-28,1.83465823709912e-27,8.4148679602431e-28,1.83465823709912e-27,8.4148679602431e-28,1.83465823709912e-27,8.4148679602431e-28
579,M,44.2493837956663,0,0,0,0,0,0,0
579,Y,3.78446052259985,0,0,0,0,0,0,0
579,Z,1.23228106422248,7.57338116421879e-28,1.65119241338921e-27,7.57338116421879e-28,1.65119241338921e-27,7.57338116421879e-28,1.65119241338921e-27,7.57338116421879e-28
580,M,42.5244454160997,0,0,0,0,0,0,0
580,Y,3.73221141780043,0,0,0,0,0,0,0
580,Z,1.23470596934642,6.81604304779691e-28,1.48607317205029e-27,6.81604304779691e-28,1.48607317205029e-27,6.81604304779691e-28,1.48607317205029e-27,6.81604304779691e-28
581,M,42.7720008744897,0,0,0,0,0,0,0
581,Y,3.68762536637172,0,0,0,0,0,0,0
581,Z,1.2369459214112,6.13443874301722e-28,1.33746585484526e-27,6.13443874301722e-28,1.33746585484526e-27,6.13443874301722e-28,1.33746585484526e-27,6.13443874301722e-28
582,M,41.1948007870407,0,0,0,0,0,0,0
582,Y,3.63468131335025,0,0,0,0,0,0,0
582,Z,1.23221796539343,5.5209948687155e-28,1.20371926936073e-27,5.5209948687155e-28,1.20371926936073e-27,5.5209948687155e-28,1.20371926936073e-27,5.5209948687155e-28
583,M,42.4753207083367,0,0,0,0,0,0,0
583,Y,3.607243017984,0,0,0,0,0,0,0
583,Z,1.22389674881678,4.96889538184395e-28,1.08334734242466e-27,4.96889538184395e-28,1.08334734242466e-27,4.96889538184395e-28,1.08334734242466e-27,4.96889538184395e-28
584,M,43.627788637503,0,0,0,0,0,0,0
584,Y,3.59270655068311,0,0,0,0,0,0,0
584,Z,1.21143148708418,4.47200584365955e-28,9.75012608182193e-28,4.47200584365955e-28,9.75012608182193e-28,4.47200584365955e-28,9.75012608182193e-28,4.47200584365955e-28
585,M,45.5650097737527,0,0,0,0,0,0,0
585,Y,3.586479052767,0,0,0,0,0,0,0
585,Z,1.21036974952685,4.0248052592936e-28,8.77511347363974e-28,4.0248052592936e-28,8.77511347363974e-28,4.0248052592936e-28,8.77511347363974e-28,4.0248052592936e-28
586,M,42.8085087963774,0,0,0,0,0,0,0
586,Y,3.5578646458654,0,0,0,0,0,0,0
586,Z,1.21176490190913,3.62232473336424e-28,7.89760212627577e-28,3.62232473336424e-28,7.89760212627577e-28,3.62232473336424e-28,7.89760212627577e-28,3.62232473336424e-28
587,M,40.3276579167397,0,0,0,0,0,0,0
587,Y,3.51164000393294,0,0,0,0,0,0,0
587,Z,1.21207633223376,3.26009226002781e-28,7.10784191364819e-28,3.26009226002781e-28,7.10784191364819e-28,3.26009226002781e-28,7.10784191364819e-28,3.26009226002781e-28
588,M,40.7948921250657,0,0,0,0,0,0,0
588,Y,3.48305155683636,0,0,0,0,0,0,0
588,Z,1.2098890121391,2.93408303402503e-28,6.39705772228337e-28,2.93408303402503e-28,6.39705772228337e-28,2.93408303402503e-28,6.39705772228337e-28,2.93408303402503e-28
589,M,42.1154029125592,0,0,0,0,0,0,0
589,Y,3.45984259864268,0,0,0,0,0,0,0
589,Z,1.20000648805889,2.64067473062253e-28,5.75735195005503e-28,2.64067473062253e-28,5.75735195005503e-28,2.64067473062253e-28,5.75735195005503e-28,2.64067473062253e-28
590,M,45.1038626213032,0,0,0,0,0,0,0
590,Y,3.46398139588056,0,0,0,0,0,0,0
590,Z,1.18760381247613,2.37660725756028e-28,5.18161675504953e-28,2.37660725756028e-28,5.18161675504953e-28,2.37660725756028e-28,5.18161675504953e-28,2.37660725756028e-28
591,M,46.8934763591729,0,0,0,0,0,0,0
591,Y,3.47224467797244,0,0,0,0,0,0,0
591,Z,1.17120748975386,2.13894653180425e-28,4.66345507954458e-28,2.13894653180425e-28,4.66345507954458e-28,2.13894653180425e-28,4.66345507954458e-28,2.13894653180425e-28
592,M,51.2041287232556,0,0,0,0,0,0,0
592,Y,3.51446160844005,0,0,0,0,0,0,0
592,Z,1.15721591437771,1.92505187862382e-28,4.19710957159012e-28,1.92505187862382e-28,4.19710957159012e-28,1.92505187862382e-28,4.19710957159012e-28,1.92505187862382e-28
593,M,50.5837158509301,0,0,0,0,0,0,0
593,Y,3.5641945775329,0,0,0,0,0,0,0
593,Z,1.14060150953963,1.73254669076144e-28,3.77739861443111e-28,1.73254669076144e-28,3.77739861443111e-28,1.73254669076144e-28,3.77739861443111e-28,1.73254669076144e-28
594,M,49.1253442658371,0,0,0,0,0,0,0
594,Y,3.58258493089495,0,0,0,0,0,0,0
594,Z,1.13199108171505,1.5592920216853e-28,3.399658752988e-28,1.5592920216853e-28,3.399658752988e-28,1.5592920216853e-28,3.399658752988e-28,1.5592920216853e-28
595,M,46.9128098392534,0,0,0,0,0,0,0
595,Y,3.58084474244762,0,0,0,0,0,0,0
595,Z,1.12742938424632,1.40336281951677e-28,3.0596928776892e-28,1.40336281951677e-28,3.0596928776892e-28,1.40336281951677e-28,3.0596928776892e-28,1.40336281951677e-28
596,M,45.821528855328,0,0,0,0,0,0,0
596,Y,3.57297951578447,0,0,0,0,0,0,0
596,Z,1.12547512941311,1.26302653756509e-28,2.75372358992028e-28,1.26302653756509e-28,2.75372358992028e-28,1.26302653756509e-28,2.75372358992028e-28,1.26302653756509e-28
597,M,48.4393759697952,0,0,0,0,0,0,0
597,Y,3.59831466886425,0,0,0,0,0,0,0
597,Z,1.11649562532656,1.13672388380858e-28,2.47835123092825e-28,1.13672388380858e-28,2.47835123092825e-28,1.13672388380858e-28,2.47835123092825e-28,1.13672388380858e-28
598,M,46.2954383728157,0,0,0,0,0,0,0
598,Y,3.60018090570471,0,0,0,0,0,0,0
598,Z,1.10198984288769,1.02305149542772e-28,2.23051610783543e-28,1.02305149542772e-28,2.23051610783543e-28,1.02305149542772e-28,2.23051610783543e-28,1.02305149542772e-28
599,M,46.1658945355341,0,0,0,0,0,0,0
599,Y,3.59053231886935,0,0,0,0,0,0,0
599,Z,1.09301848526302,9.20746345884952e-29,2.00746449705188e-28,9.20746345884952e-29,2.00746449705188e-28,9.20746345884952e-29,2.00746449705188e-28,9.20746345884952e-29
600,M,45.1493050819807,0,0,0,0,0,0,0
600,Y,3.57354786828177,0,0,0,0,0,0,0
600,Z,1.08573526825763,8.28671711296457e-29,1.80671804734669e-28,8.28671711296457e-29,1.80671804734669e-28,8.28671711296457e-29,1.80671804734669e-28,8.28671711296457e-29
601,M,45.1343745737826,0,0,0,0,0,0,0
601,Y,3.56823197479641,0,0,0,0,0,0,0
601,Z,1.08703406668595,7.45804540166811e-29,1.62604624261203e-28,7.45804540166811e-29,1.62604624261203e-28,7.45804540166811e-29,1.62604624261203e-28,7.45804540166811e-29
602,M,46.9209371164044,0,0,0,0,0,0,0
602,Y,3.57856824928921,0,0,0,0,0,0,0
602,Z,1.08962717216486,6.7122408615013e-29,1.46344161835082e-28,6.7122408615013e-29,1.46344161835082e-28,6.7122408615013e-29,1.46344161835082e-28,6.7122408615013e-29
603,M,45.8288434047639,0,0,0,0,0,0,0
603,Y,3.58593721253281,0,0,0,0,0,0,0
603,Z,1.10287529227999,6.04101677535117e-29,1.31709745651574e-28,6.04101677535117e-29,1.31709745651574e-28,6.04101677535117e-29,1.31709745651574e-28,6.04101677535117e-29
604,M,45.7459590642876,0,0,0,0,0,0,0
604,Y,3.59185488597073,0,0,0,0,0,0,0
604,Z,1.11848202495635,5.43691509781605e-29,1.18538771086417e-28,5.43691509781605e-29,1.18538771086417e-28,5.43691509781605e-29,1.18538771086417e-28,5.43691509781605e-29
605,M,42.9713631578588,0,0,0,0,0,0,0
605,Y,3.57334892630285,0,0,0,0,0,0,0
605,Z,1.1242531127072,4.89322358803445e-29,1.06684893977775e-28,4.89322358803445e-29,1.06684893977775e-28,4.89322358803445e-29,1.06684893977775e-28,4.89322358803445e-29
606,M,42.2742268420729,0,0,0,0,0,0,0
606,Y,3.55578400951231,0,0,0,0,0,0,0
606,Z,1.12370702313323,4.403901229231e-29,9.60164045799975e-29,4.403901229231e-29,9.60164045799975e-29,4.403901229231e-29,9.60164045799975e-29,4.403901229231e-29
607,M,43.4468041578656,0,0,0,0,0,0,0
607,Y,3.54779493570076,0,0,0,0,0,0,0
607,Z,1.12123883166568,3.9635111063079e-29,8.64147641219978e-29,3.9635111063079e-29,8.64147641219978e-29,3.9635111063079e-29,8.64147641219978e-29,3.9635111063079e-29
608,M,43.6021237420791,0,0,0,0,0,0,0
608,Y,3.55393558392147,0,0,0,0,0,0,0
608,Z,1.12918927115568,3.56715999567711e-29,7.7773287709798e-29,3.56715999567711e-29,7.7773287709798e-29,3.56715999567711e-29,7.7773287709798e-29,3.56715999567711e-29
609,M,42.8419113678712,0,0,0,0,0,0,0
609,Y,3.55270826332435,0,0,0,0,0,0,0
609,Z,1.12977491605103,3.2104439961094e-29,6.99959589388182e-29,3.2104439961094e-29,6.99959589388182e-29,3.2104439961094e-29,6.99959589388182e-29,3.2104439961094e-29
610,M,43.957720231084,0,0,0,0,0,0,0
610,Y,3.55894387266292,0,0,0,0,0,0,0
610,Z,1.1267470872648,2.88939959649846e-29,6.29963630449364e-29,2.88939959649846e-29,6.29963630449364e-29,2.88939959649846e-29,6.29963630449364e-29,2.88939959649846e-29
611,M,42.2619482079756,0,0,0,0,0,0,0
611,Y,3.54944788150314,0,0,0,0,0,0,0
611,Z,1.12141718670165,2.60045963684862e-29,5.66967267404427e-29,2.60045963684862e-29,5.66967267404427e-29,2.60045963684862e-29,5.66967267404427e-29,2.60045963684862e-29
612,M,41.6357533871781,0,0,0,0,0,0,0
612,Y,3.53542367172978,0,0,0,0,0,0,0
612,Z,1.11974900299826,2.34041367316375e-29,5.10270540663985e-29,2.34041367316375e-29,5.10270540663985e-29,2.34041367316375e-29,5.10270540663985e-29,2.34041367316375e-29
613,M,40.1721780484603,0,0,0,0,0,0,0
613,Y,3.50993393627033,0,0,0,0,0,0,0
613,Z,1.12299263545819,2.10637230584738e-29,4.59243486597586e-29,2.10637230584738e-29,4.59243486597586e-29,2.10637230584738e-29,4.59243486597586e-29,2.10637230584738e-29
614,M,45.1549602436142,0,0,0,0,0,0,0
614,Y,3.53138699473591,0,0,0,0,0,0,0
614,Z,1.12530509420623,1.89573507526264e-29,4.13319137937828e-29,1.89573507526264e-29,4.13319137937828e-29,1.89573507526264e-29,4.13319137937828e-29,1.89573507526264e-29
615,M,45.1394642192528,0,0,0,0,0,0,0
615,Y,3.55038608612106,0,0,0,0,0,0,0
615,Z,1.12716212283526,1.70616156773638e-29,3.71987224144045e-29,1.70616156773638e-29,3.71987224144045e-29,1.70616156773638e-29,3.71987224144045e-29,1.70616156773638e-29
616,M,46.9255177973275,0,0,0,0,0,0,0
616,Y,3.58317344056428,0,0,0,0,0,0,0
616,Z,1.12135475660066,1.53554541096274e-29,3.3478850172964e-29,1.53554541096274e-29,3.3478850172964e-29,1.53554541096274e-29,3.3478850172964e-29,1.53554541096274e-29
617,M,44.9329660175948,0,0,0,0,0,0,0
617,Y,3.60698961170757,0,0,0,0,0,0,0
617,Z,1.11584269959235,1.38199086986647e-29,3.01309651556676e-29,1.38199086986647e-29,3.01309651556676e-29,1.38199086986647e-29,3.01309651556676e-29,1.38199086986647e-29
618,M,44.9396694158353,0,0,0,0,0,0,0
618,Y,3.62837786493418,0,0,0,0,0,0,0
618,Z,1.11333564357734,1.24379178287982e-29,2.71178686401009e-29,1.24379178287982e-29,2.71178686401009e-29,1.24379178287982e-29,2.71178686401009e-29,1.24379178287982e-29
619,M,46.7457024742518,0,0,0,0,0,0,0
619,Y,3.66400243769542,0,0,0,0,0,0,0
619,Z,1.11526264405586,1.11941260459184e-29,2.44060817760908e-29,1.11941260459184e-29,2.44060817760908e-29,1.11941260459184e-29,2.44060817760908e-29,1.11941260459184e-29
620,M,44.7711322268266,0,0,0,0,0,0,0
620,Y,3.65856347433357,0,0,0,0,0,0,0
620,Z,1.11487749784768,1.00747134413265e-29,2.19654735984817e-29,1.00747134413265e-29,2.19654735984817e-29,1.00747134413265e-29,2.19654735984817e-29,1.00747134413265e-29
621,M,42.0940190041439,0,0,0,0,0,0,0
621,Y,3.63027951411131,0,0,0,0,0,0,0
621,Z,1.1168342981312,9.06724209719388e-30,1.97689262386335e-29,9.06724209719388e-30,1.97689262386335e-29,9.06724209719388e-30,1.97689262386335e-29,9.06724209719388e-30
622,M,45.0846171037295,0,0,0,0,0,0,0
622,Y,3.62840709523832,0,0,0,0,0,0,0
622,Z,1.11385435548489,8.16051788747449e-30,1.77920336147702e-29,8.16051788747449e-30,1.77920336147702e-29,8.16051788747449e-30,1.77920336147702e-29,8.16051788747449e-30
623,M,45.0761553933566,0,0,0,0,0,0,0
623,Y,3.62664400466709,0,0,0,0,0,0,0
623,Z,1.10945340985622,7.34446609872704e-30,1.60128302532932e-29,7.34446609872704e-30,1.60128302532932e-29,7.34446609872704e-30,1.60128302532932e-29,7.34446609872704e-30
624,M,45.0685398540209,0,0,0,0,0,0,0
624,Y,3.62238889092369,0,0,0,0,0,0,0
624,Z,1.10145446077751,6.61001948885434e-30,1.44115472279639e-29,6.61001948885434e-30,1.44115472279639e-29,6.61001948885434e-30,1.44115472279639e-29,6.61001948885434e-30
625,M,44.1616858686188,0,0,0,0,0,0,0
625,Y,3.61079870565964,0,0,0,0,0,0,0
625,Z,1.10818665784255,5.9490175399689e-30,1.29703925051675e-29,5.9490175399689e-30,1.29703925051675e-29,5.9490175399689e-30,1.29703925051675e-29,5.9490175399689e-30
626,M,42.445517281757,0,0,0,0,0,0,0
626,Y,3.59068567847115,0,0,0,0,0,0,0
626,Z,1.11414877403529,5.35411578597201e-30,1.16733532546507e-29,5.35411578597201e-30,1.16733532546507e-29,5.35411578597201e-30,1.16733532546507e-29,5.35411578597201e-30
627,M,43.6009655535813,0,0,0,0,0,0,0
627,Y,3.582830164879,0,0,0,0,0,0,0
627,Z,1.12443779327733,4.81870420737481e-30,1.05060179291857e-29,4.81870420737481e-30,1.05060179291857e-29,4.81870420737481e-30,1.05060179291857e-29,4.81870420737481e-30
628,M,48.2408689982231,0,0,0,0,0,0,0
628,Y,3.63259509460245,0,0,0,0,0,0,0
628,Z,1.13191156014039,4.33683378663733e-30,9.45541613626709e-30,4.33683378663733e-30,9.45541613626709e-30,4.33683378663733e-30,9.45541613626709e-30,4.33683378663733e-30
629,M,47.9167820984008,0,0,0,0,0,0,0
629,Y,3.67416041336327,0,0,0,0,0,0,0
629,Z,1.13862342063476,3.9031504079736e-30,8.50987452264038e-30,3.9031504079736e-30,8.50987452264038e-30,3.9031504079736e-30,8.50987452264038e-30,3.9031504079736e-30
630,M,50.3251038885607,0,0,0,0,0,0,0
630,Y,3.73306755017879,0,0,0,0,0,0,0
630,Z,1.14980278904841,3.51283536717624e-30,7.65888707037634e-30,3.51283536717624e-30,7.65888707037634e-30,3.51283536717624e-30,7.65888707037634e-30,3.51283536717624e-30
631,M,50.6925934997047,0,0,0,0,0,0,0
631,Y,3.77168422581986,0,0,0,0,0,0,0
631,Z,1.14809598471372,3.16155183045862e-30,6.89299836333871e-30,3.16155183045862e-30,6.89299836333871e-30,3.16155183045862e-30,6.89299836333871e-30,3.16155183045862e-30
632,M,51.9233341497342,0,0,0,0,0,0,0
632,Y,3.81671748619779,0,0,0,0,0,0,0
632,Z,1.13922017829659,2.84539664741275e-30,6.20369852700484e-30,2.84539664741275e-30,6.20369852700484e-30,2.84539664741275e-30,6.20369852700484e-30,2.84539664741275e-30
633,M,52.1310007347608,0,0,0,0,0,0,0
633,Y,3.84121266270169,0,0,0,0,0,0,0
633,Z,1.13863259341392,2.56085698267148e-30,5.58332867430435e-30,2.56085698267148e-30,5.58332867430435e-30,2.56085698267148e-30,5.58332867430435e-30,2.56085698267148e-30
634,M,52.3179006612847,0,0,0,0,0,0,0
634,Y,3.86450526256642,0,0,0,0,0,0,0
634,Z,1.13807931691081,2.30477128440433e-30,5.02499580687392e-30,2.30477128440433e-30,5.02499580687392e-30,2.30477128440433e-30,5.02499580687392e-30,2.30477128440433e-30
635,M,49.7861105951562,0,0,0,0,0,0,0
635,Y,3.86418220858944,0,0,0,0,0,0,0
635,Z,1.13674401713056,2.0742941559639e-30,4.52249622618653e-30,2.0742941559639e-30,4.52249622618653e-30,2.0742941559639e-30,4.52249622618653e-30,2.0742941559639e-30
636,M,51.1074995356406,0,0,0,0,0,0,0
636,Y,3.8889922530569,0,0,0,0,0,0,0
636,Z,1.13310689418405,1.86686474036751e-30,4.07024660356787e-30,1.86686474036751e-30,4.07024660356787e-30,1.86686474036751e-30,4.07024660356787e-30,1.86686474036751e-30
637,M,54.9967495820765,0,0,0,0,0,0,0
637,Y,3.94481885130217,0,0,0,0,0,0,0
637,Z,1.12679521313286,1.68017826633076e-30,3.66322194321109e-30,1.68017826633076e-30,3.66322194321109e-30,1.68017826633076e-30,3.66322194321109e-30,1.68017826633076e-30
638,M,51.2970746238689,0,0,0,0,0,0,0
638,Y,3.96571111949644,0,0,0,0,0,0,0
638,Z,1.12433006972991,1.51216043969768e-30,3.29689974888998e-30,1.51216043969768e-30,3.29689974888998e-30,1.51216043969768e-30,3.29689974888998e-30,1.51216043969768e-30
639,M,49.767367161482,0,0,0,0,0,0,0
639,Y,3.97106442396441,0,0,0,0,0,0,0
639,Z,1.1399468319908,1.36094439572791e-30,2.96720977400098e-30,1.36094439572791e-30,2.96720977400098e-30,1.36094439572791e-30,2.96720977400098e-30,1.36094439572791e-30
640,M,51.9906304453338,0,0,0,0,0,0,0
640,Y,3.99518303077114,0,0,0,0,0,0,0
640,Z,1.15299046944781,1.22484995615512e-30,2.67048879660088e-30,1.22484995615512e-30,2.67048879660088e-30,1.22484995615512e-30,2.67048879660088e-30,1.22484995615512e-30
641,M,53.9915674008004,0,0,0,0,0,0,0
641,Y,4.03410908094063,0,0,0,0,0,0,0
641,Z,1.17147615316584,1.10236496053961e-30,2.40343991694079e-30,1.10236496053961e-30,2.40343991694079e-30,1.10236496053961e-30,2.40343991694079e-30,1.10236496053961e-30
642,M,53.0924106607204,0,0,0,0,0,0,0
642,Y,4.06420260407355,0,0,0,0,0,0,0
642,Z,1.18359447516778,9.92128464485649e-31,2.16309592524671e-30,9.92128464485649e-31,2.16309592524671e-30,9.92128464485649e-31,2.16309592524671e-30,9.92128464485649e-31
643,M,54.9831695946483,0,0,0,0,0,0,0
643,Y,4.08905313519387,0,0,0,0,0,0,0
643,Z,1.19772638945085,8.92915618037084e-31,1.94678633272204e-30,8.92915618037084e-31,1.94678633272204e-30,8.92915618037084e-31,1.94678633272204e-30,8.92915618037084e-31
644,M,52.1848526351835,0,0,0,0,0,0,0
644,Y,4.08758829784273,0,0,0,0,0,0,0
644,Z,1.20541323539087,8.03624056233376e-31,1.75210769944984e-30,8.03624056233376e-31,1.75210769944984e-30,8.03624056233376e-31,1.75210769944984e-30,8.03624056233376e-31
645,M,54.1663673716652,0,0,0,0,0,0,0
645,Y,4.10292479376349,0,0,0,0,0,0,0
645,Z,1.21272270003891,7.23261650610038e-31,1.57689692950486e-30,7.23261650610038e-31,1.57689692950486e-30,7.23261650610038e-31,1.57689692950486e-30,7.23261650610038e-31
646,M,51.4497306344986,0,0,0,0,0,0,0
646,Y,4.09379194032695,0,0,0,0,0,0,0
646,Z,1.21262132227783,6.50935485549034e-31,1.41920723655437e-30,6.50935485549034e-31,1.41920723655437e-30,6.50935485549034e-31,1.41920723655437e-30,6.50935485549034e-31
647,M,54.4047575710488,0,0,0,0,0,0,0
647,Y,4.11046364282259,0,0,0,0,0,0,0
647,Z,1.22040697712118,5.85841936994131e-31,1.27728651289893e-30,5.85841936994131e-31,1.27728651289893e-30,5.85841936994131e-31,1.27728651289893e-30,5.85841936994131e-31
648,M,56.1642818139439,0,0,0,0,0,0,0
648,Y,4.16792468928933,0,0,0,0,0,0,0
648,Z,1.2379259551942,5.27257743294718e-31,1.14955786160904e-30,5.27257743294718e-31,1.14955786160904e-30,5.27257743294718e-31,1.14955786160904e-30,5.27257743294718e-31
649,M,55.9478536325495,0,0,0,0,0,0,0
649,Y,4.21744703370377,0,0,0,0,0,0,0
649,Z,1.24448217032992,4.74531968965246e-31,1.03460207544814e-30,4.74531968965246e-31,1.03460207544814e-30,4.74531968965246e-31,1.03460207544814e-30,4.74531968965246e-31
650,M,53.9530682692946,0,0,0,0,0,0,0
650,Y,4.24709420713686,0,0,0,0,0,0,0
650,Z,1.24616209399606,4.27078772068721e-31,9.31141867903322e-31,4.27078772068721e-31,9.31141867903322e-31,4.27078772068721e-31,9.31141867903322e-31,4.27078772068721e-31
651,M,57.5577614423651,0,0,0,0,0,0,0
651,Y,4.29899402460033,0,0,0,0,0,0,0
651,Z,1.25373076837495,3.84370894861849e-31,8.3802768111299e-31,3.84370894861849e-31,8.3802768111299e-31,3.84370894861849e-31,8.3802768111299e-31,3.84370894861849e-31
652,M,56.3019852981286,0,0,0,0,0,0,0
652,Y,4.33410200568924,0,0,0,0,0,0,0
652,Z,1.26594617538206,3.45933805375664e-31,7.54224913001691e-31,3.45933805375664e-31,7.54224913001691e-31,3.45933805375664e-31,7.54224913001691e-31,3.45933805375664e-31
653,M,64.1717867683157,0,0,0,0,0,0,0
653,Y,4.43521283279591,0,0,0,0,0,0,0
653,Z,1.27538984181485,3.11340424838098e-31,6.78802421701522e-31,3.11340424838098e-31,6.78802421701522e-31,3.11340424838098e-31,6.78802421701522e-31,3.11340424838098e-31
654,M,61.3546080914842,0,0,0,0,0,0,0
654,Y,4.50042106485448,0,0,0,0,0,0,0
654,Z,1.28318820179887,2.80206382354288e-31,6.1092217953137e-31,2.80206382354288e-31,6.1092217953137e-31,2.80206382354288e-31,6.1092217953137e-31,2.80206382354288e-31
655,M,60.6191472823358,0,0,0,0,0,0,0
655,Y,4.56866718411365,0,0,0,0,0,0,0
655,Z,1.28272852031654,2.52185744118859e-31,5.49829961578233e-31,2.52185744118859e-31,5.49829961578233e-31,2.52185744118859e-31,5.49829961578233e-31,2.52185744118859e-31
656,M,57.2572325541022,0,0,0,0,0,0,0
656,Y,4.59883679391424,0,0,0,0,0,0,0
656,Z,1.28754127524336,2.26967169706973e-31,4.9484696542041e-31,2.26967169706973e-31,4.9484696542041e-31,2.26967169706973e-31,4.9484696542041e-31,2.26967169706973e-31
657,M,57.831509298692,0,0,0,0,0,0,0
657,Y,4.64676183269246,0,0,0,0,0,0,0
657,Z,1.28467528906244,2.04270452736276e-31,4.45362268878369e-31,2.04270452736276e-31,4.45362268878369e-31,2.04270452736276e-31,4.45362268878369e-31,2.04270452736276e-31
658,M,56.5483583688228,0,0,0,0,0,0,0
658,Y,4.66559747796847,0,0,0,0,0,0,0
658,Z,1.28990704596043,1.83843407462648e-31,4.00826041990532e-31,1.83843407462648e-31,4.00826041990532e-31,1.83843407462648e-31,4.00826041990532e-31,1.83843407462648e-31
659,M,56.2935225319405,0,0,0,0,0,0,0
659,Y,4.67646981717519,0,0,0,0,0,0,0
659,Z,1.30793893120411,1.65459066716384e-31,3.60743437791479e-31,1.65459066716384e-31,3.60743437791479e-31,1.65459066716384e-31,3.60743437791479e-31,1.65459066716384e-31
660,M,56.0641702787464,0,0,0,0,0,0,0
660,Y,4.68750626006945,0,0,0,0,0,0,0
660,Z,1.32347956762458,1.48913160044745e-31,3.24669094012331e-31,1.48913160044745e-31,3.24669094012331e-31,1.48913160044745e-31,3.24669094012331e-31,1.48913160044745e-31
661,M,63.0577532508718,0,0,0,0,0,0,0
661,Y,4.76193455312279,0,0,0,0,0,0,0
661,Z,1.33278316479201,1.34021844040271e-31,2.92202184611098e-31,1.34021844040271e-31,2.92202184611098e-31,1.34021844040271e-31,2.92202184611098e-31,1.34021844040271e-31
662,M,59.4519779257846,0,0,0,0,0,0,0
662,Y,4.79501470179853,0,0,0,0,0,0,0
662,Z,1.34906987744718,1.20619659636244e-31,2.62981966149988e-31,1.20619659636244e-31,2.62981966149988e-31,1.20619659636244e-31,2.62981966149988e-31,1.20619659636244e-31
663,M,62.5067801332062,0,0,0,0,0,0,0
663,Y,4.85271275804103,0,0,0,0,0,0,0
663,Z,1.3600871339202,1.08557693672619e-31,2.36683769534989e-31,1.08557693672619e-31,2.36683769534989e-31,1.08557693672619e-31,2.36683769534989e-31,1.08557693672619e-31
664,M,59.8561021198855,0,0,0,0,0,0,0
664,Y,4.87969158099103,0,0,0,0,0,0,0
664,Z,1.3918167828457,9.77019243053574e-32,2.1301539258149e-31,9.77019243053574e-32,2.1301539258149e-31,9.77019243053574e-32,2.1301539258149e-31,9.77019243053574e-32
665,M,56.570491907897,0,0,0,0,0,0,0
665,Y,4.85461299806193,0,0,0,0,0,0,0
665,Z,1.41227981701798,8.79317318748216e-32,1.91713853323341e-31,8.79317318748216e-32,1.91713853323341e-31,8.79317318748216e-32,1.91713853323341e-31,8.79317318748216e-32
666,M,57.2134427171073,0,0,0,0,0,0,0
666,Y,4.83780827917405,0,0,0,0,0,0,0
666,Z,1.43369617238353,7.91385586873395e-32,1.72542467991007e-31,7.91385586873395e-32,1.72542467991007e-31,7.91385586873395e-32,1.72542467991007e-31,7.91385586873395e-32
667,M,55.0920984453966,0,0,0,0,0,0,0
667,Y,4.8040037813151,0,0,0,0,0,0,0
667,Z,1.44316371561885,7.12247028186055e-32,1.55288221191906e-31,7.12247028186055e-32,1.55288221191906e-31,7.12247028186055e-32,1.55288221191906e-31,7.12247028186055e-32
668,M,54.9828886008569,0,0,0,0,0,0,0
668,Y,4.77288100553483,0,0,0,0,0,0,0
668,Z,1.45820310060548,6.4102232536745e-32,1.39759399072716e-31,6.4102232536745e-32,1.39759399072716e-31,6.4102232536745e-32,1.39759399072716e-31,6.4102232536745e-32
669,M,53.0845997407712,0,0,0,0,0,0,0
669,Y,4.71701903166551,0,0,0,0,0,0,0
669,Z,1.46411392567729,5.76920092830705e-32,1.25783459165444e-31,5.76920092830705e-32,1.25783459165444e-31,5.76920092830705e-32,1.25783459165444e-31,5.76920092830705e-32
670,M,54.0761397666941,0,0,0,0,0,0,0
670,Y,4.67565819591383,0,0,0,0,0,0,0
670,Z,1.46752578092464,5.19228083547634e-32,1.132051132489e-31,5.19228083547634e-32,1.132051132489e-31,5.19228083547634e-32,1.132051132489e-31,5.19228083547634e-32
671,M,53.1685257900247,0,0,0,0,0,0,0
671,Y,4.63091612372449,0,0,0,0,0,0,0
671,Z,1.470989133648,4.67305275192871e-32,1.0188460192401e-31,4.67305275192871e-32,1.0188460192401e-31,4.67305275192871e-32,1.0188460192401e-31,4.67305275192871e-32
672,M,54.1516732110222,0,0,0,0,0,0,0
672,Y,4.59948649886859,0,0,0,0,0,0,0
672,Z,1.49434552065703,4.20574747673584e-32,9.16961417316088e-32,4.20574747673584e-32,9.16961417316088e-32,4.20574747673584e-32,9.16961417316088e-32,4.20574747673584e-32
673,M,52.33650588992,0,0,0,0,0,0,0
673,Y,4.58753434757724,0,0,0,0,0,0,0
673,Z,1.50472642183171,3.78517272906225e-32,8.25265275584479e-32,3.78517272906225e-32,8.25265275584479e-32,3.78517272906225e-32,8.25265275584479e-32,3.78517272906225e-32
674,M,51.602855300928,0,0,0,0,0,0,0
674,Y,4.5735585240133,0,0,0,0,0,0,0
674,Z,1.52283268325441,3.40665545615603e-32,7.42738748026031e-32,3.40665545615603e-32,7.42738748026031e-32,3.40665545615603e-32,7.42738748026031e-32,3.40665545615603e-32
675,M,50.0425697708352,0,0,0,0,0,0,0
675,Y,4.55380011051807,0,0,0,0,0,0,0
675,Z,1.53129892376615,3.06598991054043e-32,6.68464873223428e-32,3.06598991054043e-32,6.68464873223428e-32,3.06598991054043e-32,6.68464873223428e-32,3.06598991054043e-32
676,M,54.0383127937517,0,0,0,0,0,0,0
676,Y,4.57431747322551,0,0,0,0,0,0,0
676,Z,1.52342899870808,2.75939091948638e-32,6.01618385901085e-32,2.75939091948638e-32,6.01618385901085e-32,2.75939091948638e-32,6.01618385901085e-32,2.75939091948638e-32
677,M,54.9344815143765,0,0,0,0,0,0,0
677,Y,4.60114751789058,0,0,0,0,0,0,0
677,Z,1.51815549985675,2.48345182753774e-32,5.41456547310977e-32,2.48345182753774e-32,5.41456547310977e-32,2.48345182753774e-32,5.41456547310977e-32,2.48345182753774e-32
678,M,56.6410333629389,0,0,0,0,0,0,0
678,Y,4.64132688941216,0,0,0,0,0,0,0
678,Z,1.50754729023311,2.23510664478397e-32,4.87310892579879e-32,2.23510664478397e-32,4.87310892579879e-32,2.23510664478397e-32,4.87310892579879e-32,2.23510664478397e-32
679,M,54.576930026645,0,0,0,0,0,0,0
679,Y,4.63920252050905,0,0,0,0,0,0,0
679,Z,1.49778063341352,2.01159598030557e-32,4.38579803321891e-32,2.01159598030557e-32,4.38579803321891e-32,2.01159598030557e-32,4.38579803321891e-32,2.01159598030557e-32
680,M,54.5192370239805,0,0,0,0,0,0,0
680,Y,4.64001462011674,0,0,0,0,0,0,0
680,Z,1.48025055409483,1.81043638227502e-32,3.94721822989702e-32,1.81043638227502e-32,3.94721822989702e-32,1.81043638227502e-32,3.94721822989702e-32,1.81043638227502e-32
681,M,54.4673133215824,0,0,0,0,0,0,0
681,Y,4.62541590254378,0,0,0,0,0,0,0
681,Z,1.46727108557281,1.62939274404751e-32,3.55249640690732e-32,1.62939274404751e-32,3.55249640690732e-32,1.62939274404751e-32,3.55249640690732e-32,1.62939274404751e-32
682,M,59.8205819894242,0,0,0,0,0,0,0
682,Y,4.66011133240774,0,0,0,0,0,0,0
682,Z,1.45323054922878,1.46645346964276e-32,3.19724676621659e-32,1.46645346964276e-32,3.19724676621659e-32,1.46645346964276e-32,3.19724676621659e-32,1.46645346964276e-32
683,M,57.4385237904818,0,0,0,0,0,0,0
683,Y,4.63829620997201,0,0,0,0,0,0,0
683,Z,1.44336759991786,1.31980812267849e-32,2.87752208959493e-32,1.31980812267849e-32,2.87752208959493e-32,1.31980812267849e-32,2.87752208959493e-32,1.31980812267849e-32
684,M,58.8946714114336,0,0,0,0,0,0,0
684,Y,4.64349114261143,0,0,0,0,0,0,0
684,Z,1.43961688819656,1.18782731041064e-32,2.58976988063544e-32,1.18782731041064e-32,2.58976988063544e-32,1.18782731041064e-32,2.58976988063544e-32,1.18782731041064e-32
685,M,56.6052042702902,0,0,0,0,0,0,0
685,Y,4.62858964298495,0,0,0,0,0,0,0
685,Z,1.43523112667311,1.06904457936957e-32,2.33079289257189e-32,1.06904457936957e-32,2.33079289257189e-32,1.06904457936957e-32,2.33079289257189e-32,1.06904457936957e-32
686,M,52.7446838432612,0,0,0,0,0,0,0
686,Y,4.58219768531641,0,0,0,0,0,0,0
686,Z,1.42903072715638,9.62140121432617e-33,2.0977136033147e-32,9.62140121432617e-33,2.0977136033147e-32,9.62140121432617e-33,2.0977136033147e-32,9.62140121432617e-33
687,M,53.7702154589351,0,0,0,0,0,0,0
687,Y,4.54959474882079,0,0,0,0,0,0,0
687,Z,1.4354692929778,8.65926109289355e-33,1.88794224298323e-32,8.65926109289355e-33,1.88794224298323e-32,8.65926109289355e-33,1.88794224298323e-32,8.65926109289355e-33
688,M,50.1931939130416,0,0,0,0,0,0,0
688,Y,4.47909489513171,0,0,0,0,0,0,0
688,Z,1.44388884528727,7.7933349836042e-33,1.69914801868491e-32,7.7933349836042e-33,1.69914801868491e-32,7.7933349836042e-33,1.69914801868491e-32,7.7933349836042e-33
689,M,49.6738745217374,0,0,0,0,0,0,0
689,Y,4.41456384054771,0,0,0,0,0,0,0
689,Z,1.45649755781498,7.01400148524378e-33,1.52923321681642e-32,7.01400148524378e-33,1.52923321681642e-32,7.01400148524378e-33,1.52923321681642e-32,7.01400148524378e-33
690,M,49.2064870695637,0,0,0,0,0,0,0
690,Y,4.36653793275313,0,0,0,0,0,0,0
690,Z,1.45583090834318,6.3126013367194e-33,1.37630989513478e-32,6.3126013367194e-33,1.37630989513478e-32,6.3126013367194e-33,1.37630989513478e-32,6.3126013367194e-33
691,M,50.5858383626073,0,0,0,0,0,0,0
691,Y,4.35279368106166,0,0,0,0,0,0,0
691,Z,1.45608575380515,5.68134120304746e-33,1.2386789056213e-32,5.68134120304746e-33,1.2386789056213e-32,5.68134120304746e-33,1.2386789056213e-32,5.68134120304746e-33
692,M,47.3272545263466,0,0,0,0,0,0,0
692,Y,4.30093389764793,0,0,0,0,0,0,0
692,Z,1.45150452154143,5.11320708274271e-33,1.11481101505917e-32,5.11320708274271e-33,1.11481101505917e-32,5.11320708274271e-33,1.11481101505917e-32,5.11320708274271e-33
693,M,45.2945290737119,0,0,0,0,0,0,0
693,Y,4.23664647702004,0,0,0,0,0,0,0
693,Z,1.46239231506864,4.60188637446844e-33,1.00332991355325e-32,4.60188637446844e-33,1.00332991355325e-32,4.60188637446844e-33,1.00332991355325e-32,4.60188637446844e-33
694,M,46.1650761663407,0,0,0,0,0,0,0
694,Y,4.19978630089649,0,0,0,0,0,0,0
694,Z,1.45554649849331,4.1416977370216e-33,9.02996922197927e-33,4.1416977370216e-33,9.02996922197927e-33,4.1416977370216e-33,9.02996922197927e-33,4.1416977370216e-33
695,M,49.6485685497067,0,0,0,0,0,0,0
695,Y,4.20633084509038,0,0,0,0,0,0,0
695,Z,1.45717672340153,3.72752796331944e-33,8.12697229978134e-33,3.72752796331944e-33,8.12697229978134e-33,3.72752796331944e-33,8.12697229978134e-33,3.72752796331944e-33
696,M,45.583711694736,0,0,0,0,0,0,0
696,Y,4.18393787943554,0,0,0,0,0,0,0
696,Z,1.45250047492111,3.3547751669875e-33,7.31427506980321e-33,3.3547751669875e-33,7.31427506980321e-33,3.3547751669875e-33,7.31427506980321e-33,3.3547751669875e-33
697,M,48.2253405252624,0,0,0,0,0,0,0
697,Y,4.18921925234879,0,0,0,0,0,0,0
697,Z,1.43794218703136,3.01929765028875e-33,6.58284756282289e-33,3.01929765028875e-33,6.58284756282289e-33,3.01929765028875e-33,6.58284756282289e-33,3.01929765028875e-33
698,M,54.2028064727362,0,0,0,0,0,0,0
698,Y,4.2474069168166,0,0,0,0,0,0,0
698,Z,1.42771104009539,2.71736788525987e-33,5.9245628065406e-33,2.71736788525987e-33,5.9245628065406e-33,2.71736788525987e-33,5.9245628065406e-33,2.71736788525987e-33
699,M,53.2825258254625,0,0,0,0,0,0,0
699,Y,4.29054945715561,0,0,0,0,0,0,0
699,Z,1.40558743898496,2.44563109673388e-33,5.33210652588654e-33,2.44563109673388e-33,5.33210652588654e-33,2.44563109673388e-33,5.33210652588654e-33,2.44563109673388e-33
700,M,52.4542732429163,0,0,0,0,0,0,0
700,Y,4.33543602988233,0,0,0,0,0,0,0
700,Z,1.38533691027963,2.2010679870605e-33,4.79889587329789e-33,2.2010679870605e-33,4.79889587329789e-33,2.2010679870605e-33,4.79889587329789e-33,2.2010679870605e-33
701,M,52.6088459186247,0,0,0,0,0,0,0
701,Y,4.37705111127466,0,0,0,0,0,0,0
701,Z,1.37026587152686,1.98096118835445e-33,4.3190062859681e-33,1.98096118835445e-33,4.3190062859681e-33,1.98096118835445e-33,4.3190062859681e-33,1.98096118835445e-33
702,M,51.8479613267622,0,0,0,0,0,0,0
702,Y,4.41012873674003,0,0,0,0,0,0,0
702,Z,1.36595277971075,1.782865069519e-33,3.88710565737129e-33,1.782865069519e-33,3.88710565737129e-33,1.782865069519e-33,3.88710565737129e-33,1.782865069519e-33
703,M,49.363165194086,0,0,0,0,0,0,0
703,Y,4.4049743985714,0,0,0,0,0,0,0
703,Z,1.34967863016458,1.6045785625671e-33,3.49839509163416e-33,1.6045785625671e-33,3.49839509163416e-33,1.6045785625671e-33,3.49839509163416e-33,1.6045785625671e-33
704,M,46.2268486746774,0,0,0,0,0,0,0
704,Y,4.35761075944935,0,0,0,0,0,0,0
704,Z,1.32950455637626,1.44412070631039e-33,3.14855558247074e-33,1.44412070631039e-33,3.14855558247074e-33,1.44412070631039e-33,3.14855558247074e-33,1.44412070631039e-33
705,M,53.3041638072097,0,0,0,0,0,0,0
705,Y,4.37642770394385,0,0,0,0,0,0,0
705,Z,1.31793744253494,1.29970863567935e-33,2.83370002422367e-33,1.29970863567935e-33,2.83370002422367e-33,1.29970863567935e-33,2.83370002422367e-33,1.29970863567935e-33
706,M,55.1737474264887,0,0,0,0,0,0,0
706,Y,4.42234558710917,0,0,0,0,0,0,0
706,Z,1.31999118984956,1.16973777211142e-33,2.5503300218013e-33,1.16973777211142e-33,2.5503300218013e-33,1.16973777211142e-33,2.5503300218013e-33,1.16973777211142e-33
707,M,57.7563726838398,0,0,0,0,0,0,0
707,Y,4.50012273797128,0,0,0,0,0,0,0
707,Z,1.3129640399492,1.05276399490028e-33,2.29529701962117e-33,1.05276399490028e-33,2.29529701962117e-33,1.05276399490028e-33,2.29529701962117e-33,1.05276399490028e-33
708,M,55.5807354154558,0,0,0,0,0,0,0
708,Y,4.53766109125726,0,0,0,0,0,0,0
708,Z,1.31462139073128,9.47487595410248e-34,2.06576731765905e-33,9.47487595410248e-34,2.06576731765905e-33,9.47487595410248e-34,2.06576731765905e-33,9.47487595410248e-34
709,M,55.4226618739103,0,0,0,0,0,0,0
709,Y,4.5730977359823,0,0,0,0,0,0,0
709,Z,1.33288129640301,8.52738835869223e-34,1.85919058589315e-33,8.52738835869223e-34,1.85919058589315e-33,8.52738835869223e-34,1.85919058589315e-33,8.52738835869223e-34
710,M,50.7803956865192,0,0,0,0,0,0,0
710,Y,4.56047405507168,0,0,0,0,0,0,0
710,Z,1.34641988270363,7.67464952282301e-34,1.67327152730383e-33,7.67464952282301e-34,1.67327152730383e-33,7.67464952282301e-34,1.67327152730383e-33,7.67464952282301e-34
711,M,53.8023561178673,0,0,0,0,0,0,0
711,Y,4.57458685568428,0,0,0,0,0,0,0
711,Z,1.36050576484744,6.90718457054071e-34,1.50594437457345e-33,6.90718457054071e-34,1.50594437457345e-33,6.90718457054071e-34,1.50594437457345e-33,6.90718457054071e-34
712,M,51.1221205060806,0,0,0,0,0,0,0
712,Y,4.56503440459838,0,0,0,0,0,0,0
712,Z,1.3735650183455,6.21646611348664e-34,1.35534993711611e-33,6.21646611348664e-34,1.35534993711611e-33,6.21646611348664e-34,1.35534993711611e-33,6.21646611348664e-34
713,M,52.3099084554725,0,0,0,0,0,0,0
713,Y,4.58211087286406,0,0,0,0,0,0,0
713,Z,1.38394512771003,5.59481950213797e-34,1.2198149434045e-33,5.59481950213797e-34,1.2198149434045e-33,5.59481950213797e-34,1.2198149434045e-33,5.59481950213797e-34
714,M,54.2789176099253,0,0,0,0,0,0,0
714,Y,4.61678267465038,0,0,0,0,0,0,0
714,Z,1.38232764177688,5.03533755192418e-34,1.09783344906405e-33,5.03533755192418e-34,1.09783344906405e-33,5.03533755192418e-34,1.09783344906405e-33,5.03533755192418e-34
715,M,53.3510258489327,0,0,0,0,0,0,0
715,Y,4.63856285005832,0,0,0,0,0,0,0
715,Z,1.367464429951,4.53180379673176e-34,9.88050104157641e-34,4.53180379673176e-34,9.88050104157641e-34,4.53180379673176e-34,9.88050104157641e-34,4.53180379673176e-34
716,M,53.4159232640395,0,0,0,0,0,0,0
716,Y,4.67316684945535,0,0,0,0,0,0,0
716,Z,1.37336938651941,4.07862341705858e-34,8.89245093741877e-34,4.07862341705858e-34,8.89245093741877e-34,4.07862341705858e-34,8.89245093741877e-34,4.07862341705858e-34
717,M,49.8743309376355,0,0,0,0,0,0,0
717,Y,4.68174334403569,0,0,0,0,0,0,0
717,Z,1.38777890480671,3.67076107535272e-34,8.00320584367689e-34,3.67076107535272e-34,8.00320584367689e-34,3.67076107535272e-34,8.00320584367689e-34,3.67076107535272e-34
718,M,48.486897843872,0,0,0,0,0,0,0
718,Y,4.68810819425384,0,0,0,0,0,0,0
718,Z,1.41218619888093,3.30368496781745e-34,7.2028852593092e-34,3.30368496781745e-34,7.2028852593092e-34,3.30368496781745e-34,7.2028852593092e-34,3.30368496781745e-34
719,M,46.3382080594848,0,0,0,0,0,0,0
719,Y,4.67083620001407,0,0,0,0,0,0,0
719,Z,1.42396613190184,2.97331647103571e-34,6.48259673337828e-34,2.97331647103571e-34,6.48259673337828e-34,2.97331647103571e-34,6.48259673337828e-34,2.97331647103571e-34
720,M,46.2043872535363,0,0,0,0,0,0,0
720,Y,4.65076124807542,0,0,0,0,0,0,0
720,Z,1.43508652650644,2.67598482393214e-34,5.83433706004046e-34,2.67598482393214e-34,5.83433706004046e-34,2.67598482393214e-34,5.83433706004046e-34,2.67598482393214e-34
721,M,47.8839485281827,0,0,0,0,0,0,0
721,Y,4.65073689435362,0,0,0,0,0,0,0
721,Z,1.43112508167502,2.40838634153892e-34,5.25090335403641e-34,2.40838634153892e-34,5.25090335403641e-34,2.40838634153892e-34,5.25090335403641e-34,2.40838634153892e-34
722,M,49.3955536753644,0,0,0,0,0,0,0
722,Y,4.66680204061385,0,0,0,0,0,0,0
722,Z,1.43555382804776,2.16754770738503e-34,4.72581301863277e-34,2.16754770738503e-34,4.72581301863277e-34,2.16754770738503e-34,4.72581301863277e-34,2.16754770738503e-34
723,M,48.955998307828,0,0,0,0,0,0,0
723,Y,4.68956377828048,0,0,0,0,0,0,0
723,Z,1.43255616767838,1.95079293664653e-34,4.25323171676949e-34,1.95079293664653e-34,4.25323171676949e-34,1.95079293664653e-34,4.25323171676949e-34,1.95079293664653e-34
724,M,47.6603984770452,0,0,0,0,0,0,0
724,Y,4.67025198978343,0,0,0,0,0,0,0
724,Z,1.43791494436394,1.75571364298188e-34,3.82790854509254e-34,1.75571364298188e-34,3.82790854509254e-34,1.75571364298188e-34,3.82790854509254e-34,1.75571364298188e-34
725,M,51.8943586293407,0,0,0,0,0,0,0
725,Y,4.69667483088726,0,0,0,0,0,0,0
725,Z,1.44879532315002,1.58014227868369e-34,3.44511769058329e-34,1.58014227868369e-34,3.44511769058329e-34,1.58014227868369e-34,3.44511769058329e-34,1.58014227868369e-34
726,M,55.7049227664066,0,0,0,0,0,0,0
726,Y,4.75963469587687,0,0,0,0,0,0,0
726,Z,1.45563017297773,1.42212805081532e-34,3.10060592152496e-34,1.42212805081532e-34,3.10060592152496e-34,1.42212805081532e-34,3.10060592152496e-34,1.42212805081532e-34
727,M,51.9344304897659,0,0,0,0,0,0,0
727,Y,4.7767000676511,0,0,0,0,0,0,0
727,Z,1.46648927465561,1.27991524573379e-34,2.79054532937246e-34,1.27991524573379e-34,2.79054532937246e-34,1.27991524573379e-34,2.79054532937246e-34,1.27991524573379e-34
728,M,54.8409874407893,0,0,0,0,0,0,0
728,Y,4.83680627179276,0,0,0,0,0,0,0
728,Z,1.46918066953223,1.15192372116041e-34,2.51149079643522e-34,1.15192372116041e-34,2.51149079643522e-34,1.15192372116041e-34,2.51149079643522e-34,1.15192372116041e-34
729,M,54.7568886967104,0,0,0,0,0,0,0
729,Y,4.88953863248641,0,0,0,0,0,0,0
729,Z,1.47117802697321,1.03673134904437e-34,2.2603417167917e-34,1.03673134904437e-34,2.2603417167917e-34,1.03673134904437e-34,2.2603417167917e-34,1.03673134904437e-34
730,M,57.3811998270394,0,0,0,0,0,0,0
730,Y,4.96442225783496,0,0,0,0,0,0,0
730,Z,1.46575789216517,9.33058214139931e-35,2.03430754511253e-34,9.33058214139931e-35,2.03430754511253e-34,9.33058214139931e-35,2.03430754511253e-34,9.33058214139931e-35
731,M,53.4430798443354,0,0,0,0,0,0,0
731,Y,4.99299393699451,0,0,0,0,0,0,0
731,Z,1.45945815953082,8.39752392725938e-35,1.83087679060127e-34,8.39752392725938e-35,1.83087679060127e-34,8.39752392725938e-35,1.83087679060127e-34,8.39752392725938e-35
732,M,49.8987718599019,0,0,0,0,0,0,0
732,Y,4.98046349169315,0,0,0,0,0,0,0
732,Z,1.45945051707487,7.55777153453344e-35,1.64778911154115e-34,7.55777153453344e-35,1.64778911154115e-34,7.55777153453344e-35,1.64778911154115e-34,7.55777153453344e-35
733,M,52.1088946739117,0,0,0,0,0,0,0
733,Y,4.9789216356398,0,0,0,0,0,0,0
733,Z,1.46449193019906,6.80199438108009e-35,1.48301020038703e-34,6.80199438108009e-35,1.48301020038703e-34,6.80199438108009e-35,1.48301020038703e-34,6.80199438108009e-35
734,M,54.0980052065205,0,0,0,0,0,0,0
734,Y,4.99817778212179,0,0,0,0,0,0,0
734,Z,1.47163480466427,6.12179494297209e-35,1.33470918034833e-34,6.12179494297209e-35,1.33470918034833e-34,6.12179494297209e-35,1.33470918034833e-34,6.12179494297209e-35
735,M,57.6882046858685,0,0,0,0,0,0,0
735,Y,5.04872951464048,0,0,0,0,0,0,0
735,Z,1.46557456080445,5.50961544867488e-35,1.2012382623135e-34,5.50961544867488e-35,1.2012382623135e-34,5.50961544867488e-35,1.2012382623135e-34,5.50961544867488e-35
736,M,53.7193842172816,0,0,0,0,0,0,0
736,Y,5.05266194543268,0,0,0,0,0,0,0
736,Z,1.47386632832163,4.95865390380739e-35,1.08111443608215e-34,4.95865390380739e-35,1.08111443608215e-34,4.95865390380739e-35,1.08111443608215e-34,4.95865390380739e-35
737,M,53.7474457955535,0,0,0,0,0,0,0
737,Y,5.05645466427246,0,0,0,0,0,0,0
737,Z,1.49362380108377,4.46278851342665e-35,9.73002992473932e-35,4.46278851342665e-35,9.73002992473932e-35,4.46278851342665e-35,9.73002992473932e-35,4.46278851342665e-35
738,M,55.5727012159981,0,0,0,0,0,0,0
738,Y,5.06374437395177,0,0,0,0,0,0,0
738,Z,1.49897909557274,4.01650966208399e-35,8.75702693226539e-35,4.01650966208399e-35,8.75702693226539e-35,4.01650966208399e-35,8.75702693226539e-35,4.01650966208399e-35
739,M,56.3154310943983,0,0,0,0,0,0,0
739,Y,5.07759592404455,0,0,0,0,0,0,0
739,Z,1.51784105932314,3.61485869587559e-35,7.88132423903885e-35,3.61485869587559e-35,7.88132423903885e-35,3.61485869587559e-35,7.88132423903885e-35,3.61485869587559e-35
740,M,52.4838879849585,0,0,0,0,0,0,0
740,Y,5.05142501678609,0,0,0,0,0,0,0
740,Z,1.53438903286564,3.25337282628803e-35,7.09319181513497e-35,3.25337282628803e-35,7.09319181513497e-35,3.25337282628803e-35,7.09319181513497e-35,3.25337282628803e-35
741,M,52.6354991864626,0,0,0,0,0,0,0
741,Y,5.01894373676186,0,0,0,0,0,0,0
741,Z,1.55788830797365,2.92803554365923e-35,6.38387263362147e-35,2.92803554365923e-35,6.38387263362147e-35,2.92803554365923e-35,6.38387263362147e-35,2.92803554365923e-35
742,M,53.6719492678164,0,0,0,0,0,0,0
742,Y,5.00010527092826,0,0,0,0,0,0,0
742,Z,1.566854403642,2.6352319892933e-35,5.74548537025932e-35,2.6352319892933e-35,5.74548537025932e-35,2.6352319892933e-35,5.74548537025932e-35,2.6352319892933e-35
743,M,55.5047543410347,0,0,0,0,0,0,0
743,Y,5.00132803909745,0,0,0,0,0,0,0
743,Z,1.56292221713271,2.37170879036397e-35,5.17093683323339e-35,2.37170879036397e-35,5.17093683323339e-35,2.37170879036397e-35,5.17093683323339e-35,2.37170879036397e-35
744,M,54.4542789069313,0,0,0,0,0,0,0
744,Y,4.97732732044777,0,0,0,0,0,0,0
744,Z,1.56243836636552,2.13453791132758e-35,4.65384314991005e-35,2.13453791132758e-35,4.65384314991005e-35,2.13453791132758e-35,4.65384314991005e-35,2.13453791132758e-35
745,M,53.5088510162381,0,0,0,0,0,0,0
745,Y,4.9502507860311,0,0,0,0,0,0,0
745,Z,1.56848114917143,1.92108412019482e-35,4.18845883491905e-35,1.92108412019482e-35,4.18845883491905e-35,1.92108412019482e-35,4.18845883491905e-35,1.92108412019482e-35
746,M,50.8579659146143,0,0,0,0,0,0,0
746,Y,4.91451030485504,0,0,0,0,0,0,0
746,Z,1.58434481848651,1.72897570817534e-35,3.76961295142714e-35,1.72897570817534e-35,3.76961295142714e-35,1.72897570817534e-35,3.76961295142714e-35,1.72897570817534e-35
747,M,51.1721693231529,0,0,0,0,0,0,0
747,Y,4.88249648950622,0,0,0,0,0,0,0
747,Z,1.58557885693749,1.5560781373578e-35,3.39265165628443e-35,1.5560781373578e-35,3.39265165628443e-35,1.5560781373578e-35,3.39265165628443e-35,1.5560781373578e-35
748,M,50.5549523908376,0,0,0,0,0,0,0
748,Y,4.8237205196601,0,0,0,0,0,0,0
748,Z,1.5867690522974,1.40047032362202e-35,3.05338649065598e-35,1.40047032362202e-35,3.05338649065598e-35,1.40047032362202e-35,3.05338649065598e-35,1.40047032362202e-35
749,M,51.7994571517538,0,0,0,0,0,0,0
749,Y,4.78271023251322,0,0,0,0,0,0,0
749,Z,1.58905664043719,1.26042329125982e-35,2.74804784159039e-35,1.26042329125982e-35,2.74804784159039e-35,1.26042329125982e-35,2.74804784159039e-35,1.26042329125982e-35
750,M,49.3195114365785,0,0,0,0,0,0,0
750,Y,4.72618042879866,0,0,0,0,0,0,0
750,Z,1.59340340362858,1.13438096213384e-35,2.47324305743135e-35,1.13438096213384e-35,2.47324305743135e-35,1.13438096213384e-35,2.47324305743135e-35,1.13438096213384e-35
