humanID,time,event,vectorID
920,0,S,NULL
921,0,I,initInf
2500,0,S,NULL
922,0,I,initInf
2501,0,S,NULL
923,0,S,NULL
2502,0,I,initInf
924,0,S,NULL
2503,0,S,NULL
925,0,S,NULL
2504,0,S,NULL
926,0,S,NULL
2505,0,S,NULL
927,0,S,NULL
2506,0,S,NULL
928,0,I,initInf
2507,0,S,NULL
929,0,S,NULL
2508,0,S,NULL
2509,0,S,NULL
930,0,S,NULL
1900,0,S,NULL
931,0,S,NULL
2510,0,S,NULL
1901,0,S,NULL
932,0,S,NULL
2511,0,I,initInf
1902,0,S,NULL
933,0,S,NULL
2512,0,S,NULL
1903,0,S,NULL
934,0,S,NULL
2513,0,S,NULL
1904,0,S,NULL
935,0,S,NULL
2514,0,S,NULL
1905,0,S,NULL
936,0,S,NULL
2515,0,S,NULL
1906,0,S,NULL
937,0,S,NULL
2516,0,S,NULL
1907,0,S,NULL
938,0,S,NULL
2517,0,S,NULL
1908,0,S,NULL
939,0,S,NULL
2518,0,S,NULL
1909,0,S,NULL
2519,0,S,NULL
940,0,S,NULL
1910,0,I,initInf
941,0,S,NULL
2520,0,S,NULL
1911,0,S,NULL
942,0,S,NULL
2521,0,S,NULL
1912,0,S,NULL
943,0,S,NULL
2522,0,I,initInf
1913,0,S,NULL
944,0,S,NULL
2523,0,S,NULL
945,0,S,NULL
1914,0,I,initInf
2524,0,S,NULL
946,0,S,NULL
1915,0,I,initInf
2525,0,S,NULL
947,0,S,NULL
1916,0,I,initInf
2526,0,S,NULL
948,0,S,NULL
1917,0,S,NULL
2527,0,S,NULL
949,0,S,NULL
1918,0,S,NULL
2528,0,S,NULL
1919,0,S,NULL
2529,0,S,NULL
1,0,S,NULL
2,0,S,NULL
3,0,S,NULL
4,0,S,NULL
5,0,I,initInf
950,0,S,NULL
6,0,S,NULL
951,0,S,NULL
1920,0,S,NULL
2530,0,I,initInf
7,0,I,initInf
952,0,S,NULL
1921,0,S,NULL
2531,0,I,initInf
8,0,S,NULL
953,0,S,NULL
1922,0,S,NULL
2532,0,S,NULL
9,0,S,NULL
954,0,I,initInf
1923,0,I,initInf
2533,0,S,NULL
955,0,S,NULL
1924,0,S,NULL
2534,0,S,NULL
956,0,S,NULL
1925,0,S,NULL
2535,0,S,NULL
957,0,S,NULL
1926,0,S,NULL
2536,0,S,NULL
958,0,S,NULL
1927,0,S,NULL
2537,0,S,NULL
959,0,S,NULL
1928,0,S,NULL
2538,0,S,NULL
1929,0,S,NULL
2539,0,S,NULL
960,0,S,NULL
961,0,S,NULL
1930,0,S,NULL
2540,0,S,NULL
962,0,S,NULL
1931,0,I,initInf
2541,0,S,NULL
963,0,S,NULL
1932,0,S,NULL
2542,0,S,NULL
964,0,I,initInf
1933,0,S,NULL
2543,0,S,NULL
965,0,S,NULL
1934,0,S,NULL
2544,0,S,NULL
966,0,S,NULL
1935,0,S,NULL
2545,0,S,NULL
967,0,S,NULL
1936,0,S,NULL
2546,0,S,NULL
968,0,S,NULL
1937,0,S,NULL
2547,0,S,NULL
969,0,S,NULL
1938,0,S,NULL
2548,0,S,NULL
1939,0,S,NULL
2549,0,I,initInf
970,0,S,NULL
971,0,S,NULL
1940,0,S,NULL
2550,0,S,NULL
972,0,S,NULL
1941,0,I,initInf
2551,0,S,NULL
973,0,S,NULL
1942,0,S,NULL
2552,0,S,NULL
974,0,S,NULL
1943,0,I,initInf
2553,0,S,NULL
975,0,S,NULL
1944,0,I,initInf
2554,0,S,NULL
976,0,S,NULL
1945,0,S,NULL
2555,0,S,NULL
977,0,S,NULL
1946,0,S,NULL
2556,0,S,NULL
978,0,S,NULL
1947,0,I,initInf
2557,0,S,NULL
979,0,S,NULL
1948,0,S,NULL
2558,0,S,NULL
1949,0,S,NULL
2559,0,S,NULL
980,0,S,NULL
981,0,S,NULL
1950,0,S,NULL
2560,0,S,NULL
982,0,S,NULL
1951,0,S,NULL
2561,0,S,NULL
983,0,S,NULL
1952,0,S,NULL
2562,0,S,NULL
984,0,S,NULL
1953,0,S,NULL
2563,0,S,NULL
985,0,S,NULL
1954,0,I,initInf
2564,0,S,NULL
986,0,S,NULL
1955,0,S,NULL
2565,0,S,NULL
987,0,I,initInf
1956,0,S,NULL
2566,0,S,NULL
988,0,S,NULL
1957,0,I,initInf
2567,0,S,NULL
989,0,S,NULL
1958,0,S,NULL
2568,0,S,NULL
1959,0,S,NULL
2569,0,S,NULL
990,0,S,NULL
991,0,S,NULL
1960,0,S,NULL
2570,0,S,NULL
992,0,S,NULL
1961,0,S,NULL
2571,0,S,NULL
993,0,I,initInf
1962,0,I,initInf
2572,0,S,NULL
994,0,S,NULL
1963,0,S,NULL
2573,0,S,NULL
995,0,S,NULL
1964,0,I,initInf
996,0,S,NULL
1965,0,S,NULL
997,0,S,NULL
1966,0,S,NULL
998,0,S,NULL
1967,0,S,NULL
999,0,S,NULL
1968,0,S,NULL
1969,0,S,NULL
1970,0,S,NULL
1971,0,S,NULL
1972,0,S,NULL
1973,0,S,NULL
1974,0,S,NULL
1975,0,S,NULL
1976,0,S,NULL
1977,0,S,NULL
1978,0,S,NULL
1979,0,S,NULL
1980,0,S,NULL
1981,0,S,NULL
1982,0,S,NULL
1983,0,S,NULL
1984,0,S,NULL
1985,0,S,NULL
1986,0,S,NULL
1987,0,S,NULL
1988,0,S,NULL
1989,0,S,NULL
1990,0,S,NULL
1991,0,S,NULL
1992,0,I,initInf
1993,0,S,NULL
1994,0,S,NULL
1995,0,S,NULL
1996,0,I,initInf
1997,0,S,NULL
1998,0,S,NULL
1999,0,S,NULL
1000,0,I,initInf
1001,0,S,NULL
1002,0,S,NULL
1003,0,S,NULL
1004,0,I,initInf
1005,0,I,initInf
1006,0,S,NULL
1007,0,S,NULL
1008,0,S,NULL
1009,0,S,NULL
1010,0,I,initInf
1011,0,S,NULL
1012,0,S,NULL
1013,0,I,initInf
1014,0,S,NULL
1015,0,S,NULL
1016,0,S,NULL
1017,0,S,NULL
1018,0,I,initInf
1019,0,S,NULL
10,0,S,NULL
11,0,S,NULL
12,0,S,NULL
13,0,S,NULL
14,0,S,NULL
15,0,S,NULL
1020,0,S,NULL
16,0,S,NULL
1021,0,S,NULL
17,0,S,NULL
1022,0,S,NULL
18,0,S,NULL
1023,0,S,NULL
19,0,S,NULL
1024,0,S,NULL
1025,0,S,NULL
1026,0,S,NULL
1027,0,S,NULL
1028,0,S,NULL
1029,0,S,NULL
20,0,S,NULL
21,0,S,NULL
22,0,S,NULL
23,0,I,initInf
24,0,S,NULL
25,0,I,initInf
1030,0,S,NULL
26,0,S,NULL
1031,0,S,NULL
27,0,S,NULL
1032,0,S,NULL
28,0,S,NULL
1033,0,S,NULL
29,0,S,NULL
1034,0,S,NULL
1035,0,S,NULL
1036,0,I,initInf
1037,0,S,NULL
1038,0,S,NULL
1039,0,S,NULL
30,0,S,NULL
31,0,S,NULL
32,0,S,NULL
33,0,S,NULL
34,0,S,NULL
35,0,S,NULL
1040,0,I,initInf
36,0,S,NULL
1041,0,S,NULL
37,0,S,NULL
1042,0,S,NULL
38,0,S,NULL
1043,0,I,initInf
39,0,S,NULL
1044,0,S,NULL
1045,0,S,NULL
1046,0,I,initInf
1047,0,S,NULL
1048,0,S,NULL
1049,0,I,initInf
40,0,S,NULL
41,0,S,NULL
42,0,S,NULL
43,0,S,NULL
44,0,S,NULL
45,0,S,NULL
1050,0,S,NULL
46,0,S,NULL
1051,0,S,NULL
47,0,I,initInf
1052,0,S,NULL
48,0,S,NULL
1053,0,S,NULL
49,0,S,NULL
1054,0,S,NULL
1055,0,S,NULL
1056,0,S,NULL
1057,0,S,NULL
1058,0,S,NULL
1059,0,S,NULL
50,0,S,NULL
51,0,S,NULL
52,0,S,NULL
53,0,S,NULL
54,0,S,NULL
55,0,I,initInf
1060,0,S,NULL
56,0,S,NULL
1061,0,S,NULL
57,0,S,NULL
1062,0,S,NULL
58,0,S,NULL
1063,0,S,NULL
59,0,S,NULL
1064,0,S,NULL
1065,0,S,NULL
1066,0,I,initInf
1067,0,S,NULL
1068,0,S,NULL
1069,0,S,NULL
60,0,I,initInf
61,0,I,initInf
62,0,S,NULL
63,0,S,NULL
64,0,S,NULL
65,0,S,NULL
1070,0,I,initInf
66,0,S,NULL
1071,0,S,NULL
67,0,I,initInf
1072,0,S,NULL
68,0,S,NULL
1073,0,S,NULL
69,0,S,NULL
1074,0,S,NULL
1075,0,S,NULL
1076,0,S,NULL
1077,0,I,initInf
1078,0,I,initInf
1079,0,S,NULL
70,0,S,NULL
71,0,S,NULL
72,0,S,NULL
73,0,S,NULL
74,0,S,NULL
75,0,S,NULL
1080,0,S,NULL
76,0,S,NULL
1081,0,S,NULL
77,0,I,initInf
1082,0,S,NULL
78,0,S,NULL
1083,0,I,initInf
79,0,S,NULL
1084,0,S,NULL
1085,0,S,NULL
1086,0,I,initInf
1087,0,S,NULL
1088,0,I,initInf
1089,0,S,NULL
80,0,S,NULL
81,0,S,NULL
82,0,S,NULL
83,0,S,NULL
84,0,S,NULL
85,0,S,NULL
1090,0,S,NULL
86,0,S,NULL
1091,0,S,NULL
87,0,S,NULL
1092,0,S,NULL
88,0,I,initInf
1093,0,S,NULL
89,0,S,NULL
1094,0,S,NULL
1095,0,S,NULL
1096,0,S,NULL
1097,0,S,NULL
1098,0,S,NULL
1099,0,I,initInf
90,0,S,NULL
91,0,S,NULL
92,0,S,NULL
93,0,S,NULL
94,0,S,NULL
95,0,S,NULL
96,0,S,NULL
97,0,I,initInf
98,0,S,NULL
99,0,S,NULL
100,0,S,NULL
101,0,S,NULL
102,0,I,initInf
103,0,S,NULL
104,0,S,NULL
105,0,S,NULL
106,0,I,initInf
107,0,I,initInf
108,0,S,NULL
109,0,S,NULL
110,0,S,NULL
111,0,S,NULL
112,0,S,NULL
113,0,S,NULL
114,0,S,NULL
115,0,S,NULL
116,0,S,NULL
117,0,S,NULL
118,0,I,initInf
119,0,S,NULL
120,0,S,NULL
121,0,S,NULL
122,0,S,NULL
123,0,S,NULL
124,0,S,NULL
125,0,S,NULL
126,0,S,NULL
127,0,S,NULL
128,0,S,NULL
129,0,S,NULL
130,0,S,NULL
131,0,S,NULL
1100,0,S,NULL
132,0,I,initInf
1101,0,S,NULL
133,0,S,NULL
1102,0,S,NULL
134,0,S,NULL
1103,0,S,NULL
135,0,S,NULL
1104,0,S,NULL
136,0,S,NULL
1105,0,I,initInf
137,0,S,NULL
1106,0,S,NULL
138,0,S,NULL
1107,0,S,NULL
139,0,S,NULL
1108,0,S,NULL
1109,0,S,NULL
140,0,I,initInf
141,0,S,NULL
1110,0,I,initInf
142,0,S,NULL
1111,0,S,NULL
143,0,S,NULL
1112,0,S,NULL
144,0,S,NULL
1113,0,S,NULL
145,0,S,NULL
1114,0,S,NULL
146,0,S,NULL
1115,0,I,initInf
147,0,S,NULL
1116,0,S,NULL
148,0,S,NULL
1117,0,S,NULL
149,0,S,NULL
1118,0,S,NULL
1119,0,S,NULL
150,0,S,NULL
151,0,S,NULL
1120,0,S,NULL
152,0,I,initInf
1121,0,S,NULL
153,0,I,initInf
1122,0,S,NULL
154,0,S,NULL
1123,0,S,NULL
155,0,S,NULL
1124,0,S,NULL
156,0,S,NULL
1125,0,S,NULL
157,0,S,NULL
1126,0,S,NULL
158,0,I,initInf
1127,0,S,NULL
159,0,S,NULL
1128,0,S,NULL
1129,0,S,NULL
160,0,S,NULL
161,0,S,NULL
1130,0,S,NULL
162,0,S,NULL
1131,0,S,NULL
163,0,S,NULL
1132,0,S,NULL
164,0,S,NULL
1133,0,S,NULL
165,0,S,NULL
1134,0,S,NULL
166,0,S,NULL
1135,0,S,NULL
167,0,S,NULL
1136,0,S,NULL
168,0,S,NULL
1137,0,S,NULL
169,0,S,NULL
1138,0,S,NULL
1139,0,S,NULL
170,0,S,NULL
171,0,S,NULL
1140,0,S,NULL
172,0,S,NULL
1141,0,S,NULL
173,0,S,NULL
1142,0,S,NULL
174,0,S,NULL
1143,0,S,NULL
175,0,S,NULL
1144,0,S,NULL
176,0,S,NULL
1145,0,S,NULL
177,0,S,NULL
1146,0,S,NULL
178,0,S,NULL
1147,0,S,NULL
179,0,S,NULL
1148,0,S,NULL
1149,0,I,initInf
180,0,S,NULL
181,0,S,NULL
1150,0,S,NULL
182,0,S,NULL
1151,0,I,initInf
183,0,S,NULL
1152,0,S,NULL
184,0,S,NULL
1153,0,S,NULL
185,0,S,NULL
1154,0,S,NULL
186,0,S,NULL
1155,0,I,initInf
187,0,S,NULL
1156,0,S,NULL
188,0,I,initInf
1157,0,S,NULL
189,0,S,NULL
1158,0,S,NULL
1159,0,S,NULL
190,0,S,NULL
191,0,S,NULL
1160,0,S,NULL
192,0,I,initInf
1161,0,S,NULL
193,0,I,initInf
1162,0,S,NULL
194,0,S,NULL
1163,0,S,NULL
195,0,S,NULL
1164,0,I,initInf
196,0,S,NULL
1165,0,S,NULL
197,0,S,NULL
1166,0,S,NULL
198,0,S,NULL
1167,0,S,NULL
199,0,S,NULL
1168,0,S,NULL
1169,0,S,NULL
1170,0,S,NULL
1171,0,S,NULL
1172,0,S,NULL
1173,0,S,NULL
1174,0,S,NULL
1175,0,S,NULL
1176,0,S,NULL
1177,0,S,NULL
1178,0,S,NULL
1179,0,S,NULL
1180,0,S,NULL
1181,0,S,NULL
1182,0,S,NULL
1183,0,S,NULL
1184,0,S,NULL
1185,0,S,NULL
1186,0,S,NULL
1187,0,I,initInf
1188,0,S,NULL
1189,0,S,NULL
1190,0,S,NULL
1191,0,S,NULL
1192,0,S,NULL
1193,0,S,NULL
1194,0,S,NULL
1195,0,S,NULL
1196,0,S,NULL
1197,0,S,NULL
1198,0,S,NULL
1199,0,S,NULL
200,0,S,NULL
201,0,S,NULL
202,0,I,initInf
203,0,S,NULL
204,0,S,NULL
205,0,S,NULL
206,0,S,NULL
207,0,S,NULL
208,0,S,NULL
209,0,S,NULL
210,0,I,initInf
211,0,S,NULL
212,0,S,NULL
213,0,S,NULL
214,0,I,initInf
215,0,S,NULL
216,0,S,NULL
217,0,S,NULL
218,0,S,NULL
219,0,S,NULL
220,0,S,NULL
221,0,S,NULL
222,0,S,NULL
223,0,S,NULL
224,0,S,NULL
225,0,S,NULL
226,0,S,NULL
227,0,S,NULL
228,0,I,initInf
229,0,S,NULL
230,0,S,NULL
231,0,S,NULL
1200,0,S,NULL
232,0,S,NULL
1201,0,S,NULL
233,0,S,NULL
1202,0,S,NULL
234,0,S,NULL
1203,0,S,NULL
235,0,S,NULL
1204,0,S,NULL
236,0,S,NULL
1205,0,S,NULL
237,0,I,initInf
1206,0,S,NULL
238,0,S,NULL
1207,0,S,NULL
239,0,S,NULL
1208,0,I,initInf
1209,0,S,NULL
240,0,I,initInf
241,0,S,NULL
1210,0,S,NULL
242,0,S,NULL
1211,0,S,NULL
243,0,S,NULL
1212,0,S,NULL
244,0,S,NULL
1213,0,S,NULL
245,0,S,NULL
1214,0,I,initInf
246,0,S,NULL
1215,0,S,NULL
247,0,S,NULL
1216,0,S,NULL
248,0,I,initInf
1217,0,I,initInf
249,0,S,NULL
1218,0,S,NULL
1219,0,S,NULL
250,0,S,NULL
251,0,S,NULL
1220,0,I,initInf
252,0,S,NULL
1221,0,S,NULL
253,0,S,NULL
1222,0,S,NULL
254,0,S,NULL
1223,0,S,NULL
255,0,S,NULL
1224,0,S,NULL
256,0,S,NULL
1225,0,S,NULL
257,0,S,NULL
1226,0,I,initInf
258,0,S,NULL
1227,0,I,initInf
259,0,S,NULL
1228,0,S,NULL
1229,0,S,NULL
260,0,S,NULL
261,0,I,initInf
1230,0,S,NULL
262,0,S,NULL
1231,0,S,NULL
263,0,S,NULL
1232,0,S,NULL
264,0,S,NULL
1233,0,S,NULL
265,0,S,NULL
1234,0,S,NULL
266,0,S,NULL
1235,0,S,NULL
267,0,S,NULL
1236,0,S,NULL
268,0,S,NULL
1237,0,S,NULL
269,0,S,NULL
1238,0,S,NULL
1239,0,S,NULL
270,0,S,NULL
271,0,S,NULL
1240,0,S,NULL
272,0,S,NULL
1241,0,S,NULL
273,0,S,NULL
1242,0,S,NULL
274,0,S,NULL
1243,0,S,NULL
275,0,S,NULL
1244,0,S,NULL
276,0,S,NULL
1245,0,I,initInf
277,0,S,NULL
1246,0,S,NULL
278,0,S,NULL
1247,0,S,NULL
279,0,S,NULL
1248,0,S,NULL
1249,0,S,NULL
280,0,S,NULL
281,0,S,NULL
1250,0,S,NULL
282,0,S,NULL
1251,0,S,NULL
283,0,S,NULL
1252,0,S,NULL
284,0,S,NULL
1253,0,I,initInf
285,0,S,NULL
1254,0,S,NULL
286,0,S,NULL
1255,0,S,NULL
287,0,S,NULL
1256,0,S,NULL
288,0,I,initInf
1257,0,S,NULL
289,0,S,NULL
1258,0,S,NULL
1259,0,I,initInf
290,0,S,NULL
291,0,S,NULL
1260,0,S,NULL
292,0,S,NULL
1261,0,S,NULL
293,0,S,NULL
1262,0,S,NULL
294,0,I,initInf
1263,0,I,initInf
295,0,S,NULL
1264,0,S,NULL
296,0,S,NULL
1265,0,S,NULL
297,0,S,NULL
1266,0,S,NULL
298,0,S,NULL
1267,0,S,NULL
299,0,I,initInf
1268,0,S,NULL
1269,0,S,NULL
1270,0,S,NULL
1271,0,S,NULL
1272,0,S,NULL
1273,0,S,NULL
1274,0,S,NULL
1275,0,S,NULL
1276,0,I,initInf
1277,0,S,NULL
1278,0,S,NULL
1279,0,S,NULL
1280,0,S,NULL
1281,0,S,NULL
1282,0,S,NULL
1283,0,S,NULL
1284,0,S,NULL
1285,0,I,initInf
1286,0,S,NULL
1287,0,S,NULL
1288,0,S,NULL
1289,0,S,NULL
1290,0,S,NULL
1291,0,S,NULL
1292,0,S,NULL
1293,0,S,NULL
1294,0,S,NULL
1295,0,S,NULL
1296,0,S,NULL
1297,0,S,NULL
1298,0,S,NULL
1299,0,S,NULL
300,0,S,NULL
301,0,S,NULL
302,0,I,initInf
303,0,S,NULL
304,0,S,NULL
305,0,S,NULL
306,0,S,NULL
307,0,S,NULL
308,0,S,NULL
309,0,I,initInf
310,0,S,NULL
311,0,S,NULL
312,0,S,NULL
313,0,S,NULL
314,0,S,NULL
315,0,S,NULL
316,0,I,initInf
317,0,S,NULL
318,0,S,NULL
319,0,S,NULL
320,0,S,NULL
321,0,S,NULL
322,0,S,NULL
323,0,S,NULL
324,0,S,NULL
325,0,S,NULL
326,0,S,NULL
327,0,S,NULL
328,0,I,initInf
329,0,I,initInf
330,0,I,initInf
331,0,S,NULL
1300,0,S,NULL
332,0,S,NULL
1301,0,I,initInf
333,0,S,NULL
1302,0,I,initInf
334,0,S,NULL
1303,0,S,NULL
335,0,S,NULL
1304,0,S,NULL
336,0,S,NULL
1305,0,S,NULL
337,0,S,NULL
1306,0,S,NULL
338,0,S,NULL
1307,0,S,NULL
339,0,S,NULL
1308,0,S,NULL
1309,0,S,NULL
340,0,S,NULL
341,0,S,NULL
1310,0,I,initInf
342,0,S,NULL
1311,0,S,NULL
343,0,S,NULL
1312,0,S,NULL
344,0,S,NULL
1313,0,S,NULL
345,0,S,NULL
1314,0,S,NULL
346,0,S,NULL
1315,0,S,NULL
347,0,S,NULL
1316,0,S,NULL
348,0,S,NULL
1317,0,S,NULL
349,0,S,NULL
1318,0,S,NULL
1319,0,S,NULL
350,0,S,NULL
351,0,S,NULL
1320,0,I,initInf
352,0,S,NULL
1321,0,S,NULL
353,0,S,NULL
1322,0,S,NULL
354,0,S,NULL
1323,0,S,NULL
355,0,S,NULL
1324,0,I,initInf
356,0,S,NULL
1325,0,S,NULL
357,0,S,NULL
1326,0,S,NULL
358,0,S,NULL
1327,0,S,NULL
359,0,S,NULL
1328,0,S,NULL
1329,0,I,initInf
360,0,S,NULL
361,0,S,NULL
1330,0,S,NULL
362,0,S,NULL
1331,0,S,NULL
363,0,S,NULL
1332,0,S,NULL
364,0,S,NULL
1333,0,S,NULL
365,0,I,initInf
1334,0,S,NULL
366,0,S,NULL
1335,0,S,NULL
367,0,S,NULL
1336,0,S,NULL
368,0,S,NULL
1337,0,S,NULL
369,0,S,NULL
1338,0,I,initInf
1339,0,S,NULL
370,0,S,NULL
371,0,S,NULL
1340,0,S,NULL
372,0,S,NULL
1341,0,S,NULL
373,0,S,NULL
1342,0,S,NULL
374,0,S,NULL
1343,0,S,NULL
375,0,S,NULL
1344,0,I,initInf
376,0,S,NULL
1345,0,S,NULL
377,0,S,NULL
1346,0,S,NULL
378,0,I,initInf
1347,0,S,NULL
379,0,S,NULL
1348,0,I,initInf
1349,0,S,NULL
380,0,S,NULL
381,0,S,NULL
1350,0,I,initInf
382,0,S,NULL
1351,0,S,NULL
383,0,S,NULL
1352,0,S,NULL
384,0,S,NULL
1353,0,S,NULL
385,0,S,NULL
1354,0,S,NULL
386,0,S,NULL
1355,0,S,NULL
387,0,S,NULL
1356,0,S,NULL
388,0,S,NULL
1357,0,I,initInf
389,0,S,NULL
1358,0,S,NULL
1359,0,S,NULL
390,0,I,initInf
391,0,S,NULL
1360,0,I,initInf
392,0,S,NULL
1361,0,S,NULL
393,0,S,NULL
1362,0,S,NULL
394,0,S,NULL
1363,0,S,NULL
395,0,S,NULL
1364,0,S,NULL
396,0,S,NULL
1365,0,S,NULL
397,0,S,NULL
1366,0,S,NULL
398,0,S,NULL
1367,0,S,NULL
399,0,S,NULL
1368,0,S,NULL
1369,0,I,initInf
1370,0,S,NULL
1371,0,S,NULL
1372,0,S,NULL
1373,0,S,NULL
1374,0,I,initInf
1375,0,S,NULL
1376,0,S,NULL
1377,0,I,initInf
1378,0,S,NULL
1379,0,S,NULL
1380,0,S,NULL
1381,0,S,NULL
1382,0,I,initInf
1383,0,S,NULL
1384,0,S,NULL
1385,0,S,NULL
1386,0,S,NULL
1387,0,S,NULL
1388,0,S,NULL
1389,0,S,NULL
1390,0,S,NULL
1391,0,S,NULL
1392,0,S,NULL
1393,0,I,initInf
1394,0,S,NULL
1395,0,S,NULL
1396,0,S,NULL
1397,0,S,NULL
1398,0,S,NULL
1399,0,S,NULL
400,0,S,NULL
401,0,S,NULL
402,0,S,NULL
403,0,I,initInf
404,0,S,NULL
405,0,S,NULL
406,0,S,NULL
407,0,S,NULL
408,0,S,NULL
409,0,S,NULL
410,0,S,NULL
411,0,S,NULL
412,0,S,NULL
413,0,S,NULL
414,0,I,initInf
415,0,S,NULL
416,0,S,NULL
417,0,I,initInf
418,0,S,NULL
419,0,S,NULL
420,0,I,initInf
421,0,I,initInf
2000,0,S,NULL
422,0,S,NULL
2001,0,S,NULL
423,0,S,NULL
2002,0,S,NULL
424,0,S,NULL
2003,0,S,NULL
425,0,S,NULL
2004,0,S,NULL
426,0,S,NULL
2005,0,S,NULL
427,0,S,NULL
2006,0,S,NULL
428,0,I,initInf
2007,0,S,NULL
429,0,S,NULL
2008,0,S,NULL
2009,0,S,NULL
430,0,S,NULL
431,0,S,NULL
1400,0,S,NULL
2010,0,I,initInf
432,0,S,NULL
1401,0,S,NULL
2011,0,S,NULL
433,0,S,NULL
1402,0,S,NULL
2012,0,I,initInf
434,0,S,NULL
1403,0,S,NULL
2013,0,S,NULL
435,0,S,NULL
1404,0,S,NULL
2014,0,S,NULL
436,0,S,NULL
1405,0,S,NULL
2015,0,S,NULL
437,0,S,NULL
1406,0,S,NULL
2016,0,S,NULL
438,0,I,initInf
1407,0,S,NULL
2017,0,S,NULL
439,0,I,initInf
1408,0,S,NULL
2018,0,S,NULL
1409,0,S,NULL
2019,0,S,NULL
440,0,S,NULL
441,0,S,NULL
1410,0,S,NULL
2020,0,S,NULL
442,0,I,initInf
1411,0,I,initInf
2021,0,S,NULL
443,0,S,NULL
1412,0,S,NULL
2022,0,S,NULL
444,0,S,NULL
1413,0,S,NULL
2023,0,S,NULL
445,0,S,NULL
1414,0,S,NULL
2024,0,S,NULL
446,0,S,NULL
1415,0,S,NULL
2025,0,S,NULL
447,0,I,initInf
1416,0,S,NULL
2026,0,S,NULL
448,0,S,NULL
1417,0,S,NULL
2027,0,S,NULL
449,0,I,initInf
1418,0,S,NULL
2028,0,S,NULL
1419,0,S,NULL
2029,0,S,NULL
450,0,S,NULL
451,0,S,NULL
1420,0,S,NULL
2030,0,S,NULL
452,0,S,NULL
1421,0,I,initInf
2031,0,S,NULL
453,0,S,NULL
1422,0,S,NULL
2032,0,S,NULL
454,0,S,NULL
1423,0,S,NULL
2033,0,I,initInf
455,0,S,NULL
1424,0,S,NULL
2034,0,S,NULL
456,0,S,NULL
1425,0,S,NULL
2035,0,S,NULL
457,0,S,NULL
1426,0,S,NULL
2036,0,S,NULL
458,0,S,NULL
1427,0,S,NULL
2037,0,S,NULL
459,0,S,NULL
1428,0,S,NULL
2038,0,S,NULL
1429,0,S,NULL
2039,0,S,NULL
460,0,S,NULL
461,0,S,NULL
1430,0,S,NULL
2040,0,S,NULL
462,0,S,NULL
1431,0,S,NULL
2041,0,S,NULL
463,0,I,initInf
1432,0,S,NULL
2042,0,S,NULL
464,0,I,initInf
1433,0,I,initInf
2043,0,S,NULL
465,0,S,NULL
1434,0,S,NULL
2044,0,S,NULL
466,0,S,NULL
1435,0,S,NULL
2045,0,S,NULL
467,0,S,NULL
1436,0,S,NULL
2046,0,S,NULL
468,0,S,NULL
1437,0,I,initInf
2047,0,S,NULL
469,0,I,initInf
1438,0,I,initInf
2048,0,S,NULL
1439,0,S,NULL
2049,0,S,NULL
470,0,S,NULL
471,0,S,NULL
1440,0,S,NULL
2050,0,S,NULL
472,0,S,NULL
1441,0,I,initInf
2051,0,S,NULL
473,0,S,NULL
1442,0,S,NULL
2052,0,S,NULL
474,0,S,NULL
1443,0,S,NULL
2053,0,S,NULL
475,0,I,initInf
1444,0,S,NULL
2054,0,S,NULL
476,0,S,NULL
1445,0,S,NULL
2055,0,S,NULL
477,0,I,initInf
1446,0,S,NULL
2056,0,S,NULL
478,0,S,NULL
1447,0,I,initInf
2057,0,I,initInf
479,0,S,NULL
1448,0,S,NULL
2058,0,S,NULL
1449,0,S,NULL
2059,0,S,NULL
480,0,I,initInf
481,0,S,NULL
1450,0,I,initInf
2060,0,S,NULL
482,0,S,NULL
1451,0,S,NULL
2061,0,S,NULL
483,0,I,initInf
1452,0,S,NULL
2062,0,S,NULL
484,0,S,NULL
1453,0,S,NULL
2063,0,I,initInf
485,0,S,NULL
1454,0,S,NULL
2064,0,I,initInf
486,0,I,initInf
1455,0,S,NULL
2065,0,S,NULL
487,0,S,NULL
1456,0,S,NULL
2066,0,S,NULL
488,0,S,NULL
1457,0,S,NULL
2067,0,S,NULL
489,0,S,NULL
1458,0,S,NULL
2068,0,S,NULL
1459,0,I,initInf
2069,0,S,NULL
490,0,S,NULL
491,0,S,NULL
1460,0,S,NULL
2070,0,S,NULL
492,0,S,NULL
1461,0,S,NULL
2071,0,S,NULL
493,0,S,NULL
1462,0,I,initInf
2072,0,S,NULL
494,0,I,initInf
1463,0,S,NULL
2073,0,I,initInf
495,0,S,NULL
1464,0,S,NULL
2074,0,S,NULL
496,0,S,NULL
1465,0,S,NULL
2075,0,S,NULL
497,0,S,NULL
1466,0,S,NULL
2076,0,S,NULL
498,0,S,NULL
1467,0,S,NULL
2077,0,S,NULL
499,0,I,initInf
1468,0,S,NULL
2078,0,I,initInf
1469,0,S,NULL
2079,0,I,initInf
1470,0,S,NULL
2080,0,S,NULL
1471,0,S,NULL
2081,0,S,NULL
1472,0,S,NULL
2082,0,S,NULL
1473,0,S,NULL
2083,0,S,NULL
1474,0,I,initInf
2084,0,S,NULL
1475,0,I,initInf
2085,0,I,initInf
1476,0,S,NULL
2086,0,S,NULL
1477,0,S,NULL
2087,0,I,initInf
1478,0,S,NULL
2088,0,S,NULL
1479,0,S,NULL
2089,0,S,NULL
1480,0,S,NULL
2090,0,S,NULL
1481,0,S,NULL
2091,0,S,NULL
1482,0,S,NULL
2092,0,I,initInf
1483,0,S,NULL
2093,0,S,NULL
1484,0,S,NULL
2094,0,S,NULL
1485,0,S,NULL
2095,0,S,NULL
1486,0,S,NULL
2096,0,S,NULL
1487,0,S,NULL
2097,0,S,NULL
1488,0,S,NULL
2098,0,S,NULL
1489,0,S,NULL
2099,0,S,NULL
1490,0,S,NULL
1491,0,S,NULL
1492,0,S,NULL
1493,0,S,NULL
1494,0,S,NULL
1495,0,S,NULL
1496,0,S,NULL
1497,0,I,initInf
1498,0,S,NULL
1499,0,S,NULL
500,0,I,initInf
501,0,S,NULL
502,0,S,NULL
503,0,S,NULL
504,0,S,NULL
505,0,I,initInf
506,0,S,NULL
507,0,S,NULL
508,0,I,initInf
509,0,S,NULL
510,0,I,initInf
511,0,I,initInf
512,0,I,initInf
513,0,S,NULL
514,0,I,initInf
515,0,S,NULL
516,0,S,NULL
517,0,S,NULL
518,0,S,NULL
519,0,S,NULL
520,0,S,NULL
521,0,S,NULL
2100,0,S,NULL
522,0,I,initInf
2101,0,S,NULL
523,0,S,NULL
2102,0,S,NULL
524,0,S,NULL
2103,0,I,initInf
525,0,S,NULL
2104,0,S,NULL
526,0,S,NULL
2105,0,S,NULL
527,0,I,initInf
2106,0,S,NULL
528,0,I,initInf
2107,0,S,NULL
529,0,S,NULL
2108,0,S,NULL
2109,0,S,NULL
530,0,S,NULL
531,0,I,initInf
1500,0,I,initInf
2110,0,S,NULL
532,0,S,NULL
1501,0,S,NULL
2111,0,I,initInf
533,0,S,NULL
1502,0,S,NULL
2112,0,S,NULL
534,0,S,NULL
1503,0,S,NULL
2113,0,S,NULL
535,0,S,NULL
1504,0,I,initInf
2114,0,S,NULL
536,0,S,NULL
1505,0,S,NULL
2115,0,S,NULL
537,0,S,NULL
1506,0,I,initInf
2116,0,S,NULL
538,0,S,NULL
1507,0,S,NULL
2117,0,S,NULL
539,0,S,NULL
1508,0,S,NULL
2118,0,S,NULL
1509,0,S,NULL
2119,0,I,initInf
540,0,S,NULL
541,0,S,NULL
1510,0,S,NULL
2120,0,S,NULL
542,0,S,NULL
1511,0,S,NULL
2121,0,S,NULL
543,0,S,NULL
1512,0,S,NULL
2122,0,S,NULL
544,0,S,NULL
1513,0,S,NULL
2123,0,S,NULL
545,0,S,NULL
1514,0,S,NULL
2124,0,I,initInf
546,0,S,NULL
1515,0,S,NULL
2125,0,S,NULL
547,0,S,NULL
1516,0,I,initInf
2126,0,S,NULL
548,0,S,NULL
1517,0,S,NULL
2127,0,S,NULL
549,0,S,NULL
1518,0,I,initInf
2128,0,S,NULL
1519,0,S,NULL
2129,0,S,NULL
550,0,I,initInf
551,0,S,NULL
1520,0,S,NULL
2130,0,I,initInf
552,0,S,NULL
1521,0,S,NULL
2131,0,S,NULL
553,0,S,NULL
1522,0,S,NULL
2132,0,S,NULL
554,0,S,NULL
1523,0,S,NULL
2133,0,I,initInf
555,0,S,NULL
1524,0,S,NULL
2134,0,S,NULL
556,0,S,NULL
1525,0,S,NULL
2135,0,I,initInf
557,0,I,initInf
1526,0,I,initInf
2136,0,S,NULL
558,0,I,initInf
1527,0,S,NULL
2137,0,S,NULL
559,0,S,NULL
1528,0,S,NULL
2138,0,S,NULL
1529,0,S,NULL
2139,0,I,initInf
560,0,S,NULL
561,0,S,NULL
1530,0,S,NULL
2140,0,S,NULL
562,0,S,NULL
1531,0,S,NULL
2141,0,S,NULL
563,0,I,initInf
1532,0,S,NULL
2142,0,I,initInf
564,0,S,NULL
1533,0,S,NULL
2143,0,S,NULL
565,0,S,NULL
1534,0,S,NULL
2144,0,S,NULL
566,0,S,NULL
1535,0,S,NULL
2145,0,S,NULL
567,0,S,NULL
1536,0,S,NULL
2146,0,S,NULL
568,0,S,NULL
1537,0,S,NULL
2147,0,S,NULL
569,0,S,NULL
1538,0,S,NULL
2148,0,S,NULL
1539,0,S,NULL
2149,0,I,initInf
570,0,S,NULL
571,0,S,NULL
1540,0,S,NULL
2150,0,S,NULL
572,0,S,NULL
1541,0,I,initInf
2151,0,S,NULL
573,0,S,NULL
1542,0,S,NULL
2152,0,S,NULL
574,0,I,initInf
1543,0,S,NULL
2153,0,S,NULL
575,0,S,NULL
1544,0,S,NULL
2154,0,S,NULL
576,0,I,initInf
1545,0,S,NULL
2155,0,S,NULL
577,0,S,NULL
1546,0,I,initInf
2156,0,S,NULL
578,0,S,NULL
1547,0,S,NULL
2157,0,S,NULL
579,0,S,NULL
1548,0,S,NULL
2158,0,S,NULL
1549,0,I,initInf
2159,0,S,NULL
580,0,I,initInf
581,0,S,NULL
1550,0,S,NULL
2160,0,S,NULL
582,0,S,NULL
1551,0,S,NULL
2161,0,S,NULL
583,0,S,NULL
1552,0,S,NULL
2162,0,S,NULL
584,0,I,initInf
1553,0,I,initInf
2163,0,S,NULL
585,0,S,NULL
1554,0,S,NULL
2164,0,S,NULL
586,0,S,NULL
1555,0,S,NULL
2165,0,S,NULL
587,0,S,NULL
1556,0,S,NULL
2166,0,S,NULL
588,0,S,NULL
1557,0,S,NULL
2167,0,S,NULL
589,0,I,initInf
1558,0,S,NULL
2168,0,S,NULL
1559,0,S,NULL
2169,0,S,NULL
590,0,S,NULL
591,0,S,NULL
1560,0,S,NULL
2170,0,S,NULL
592,0,I,initInf
1561,0,S,NULL
2171,0,S,NULL
593,0,S,NULL
1562,0,S,NULL
2172,0,S,NULL
594,0,I,initInf
1563,0,S,NULL
2173,0,S,NULL
595,0,S,NULL
1564,0,S,NULL
2174,0,S,NULL
596,0,S,NULL
1565,0,S,NULL
2175,0,S,NULL
597,0,S,NULL
1566,0,S,NULL
2176,0,S,NULL
598,0,S,NULL
1567,0,S,NULL
2177,0,S,NULL
599,0,S,NULL
1568,0,S,NULL
2178,0,S,NULL
1569,0,S,NULL
2179,0,S,NULL
1570,0,S,NULL
2180,0,S,NULL
1571,0,S,NULL
2181,0,S,NULL
1572,0,I,initInf
2182,0,S,NULL
1573,0,S,NULL
2183,0,S,NULL
1574,0,S,NULL
2184,0,S,NULL
1575,0,I,initInf
2185,0,I,initInf
1576,0,S,NULL
2186,0,I,initInf
1577,0,S,NULL
2187,0,S,NULL
1578,0,S,NULL
2188,0,S,NULL
1579,0,I,initInf
2189,0,S,NULL
1580,0,S,NULL
2190,0,S,NULL
1581,0,S,NULL
2191,0,S,NULL
1582,0,S,NULL
2192,0,S,NULL
1583,0,S,NULL
2193,0,S,NULL
1584,0,S,NULL
2194,0,S,NULL
1585,0,S,NULL
2195,0,S,NULL
1586,0,S,NULL
2196,0,I,initInf
1587,0,S,NULL
2197,0,S,NULL
1588,0,S,NULL
2198,0,S,NULL
1589,0,S,NULL
2199,0,S,NULL
1590,0,S,NULL
1591,0,S,NULL
1592,0,S,NULL
1593,0,S,NULL
1594,0,S,NULL
1595,0,S,NULL
1596,0,S,NULL
1597,0,S,NULL
1598,0,S,NULL
1599,0,S,NULL
600,0,S,NULL
601,0,S,NULL
602,0,S,NULL
603,0,S,NULL
604,0,S,NULL
605,0,S,NULL
606,0,S,NULL
607,0,S,NULL
608,0,S,NULL
609,0,S,NULL
610,0,S,NULL
611,0,S,NULL
612,0,S,NULL
613,0,I,initInf
614,0,S,NULL
615,0,S,NULL
616,0,S,NULL
617,0,S,NULL
618,0,S,NULL
619,0,S,NULL
620,0,I,initInf
621,0,S,NULL
2200,0,I,initInf
622,0,S,NULL
2201,0,S,NULL
623,0,S,NULL
2202,0,S,NULL
624,0,S,NULL
2203,0,S,NULL
625,0,S,NULL
2204,0,S,NULL
626,0,S,NULL
2205,0,S,NULL
627,0,S,NULL
2206,0,S,NULL
628,0,S,NULL
2207,0,S,NULL
629,0,S,NULL
2208,0,S,NULL
2209,0,S,NULL
630,0,S,NULL
631,0,I,initInf
1600,0,S,NULL
2210,0,S,NULL
632,0,S,NULL
1601,0,S,NULL
2211,0,I,initInf
633,0,S,NULL
1602,0,S,NULL
2212,0,S,NULL
634,0,I,initInf
1603,0,S,NULL
2213,0,S,NULL
635,0,S,NULL
1604,0,S,NULL
2214,0,S,NULL
636,0,S,NULL
1605,0,S,NULL
2215,0,S,NULL
637,0,S,NULL
1606,0,I,initInf
2216,0,S,NULL
638,0,S,NULL
1607,0,I,initInf
2217,0,S,NULL
639,0,S,NULL
1608,0,S,NULL
2218,0,S,NULL
1609,0,S,NULL
2219,0,S,NULL
640,0,S,NULL
641,0,S,NULL
1610,0,S,NULL
2220,0,S,NULL
642,0,S,NULL
1611,0,S,NULL
2221,0,S,NULL
643,0,S,NULL
1612,0,S,NULL
2222,0,S,NULL
644,0,S,NULL
1613,0,S,NULL
2223,0,S,NULL
645,0,S,NULL
1614,0,S,NULL
2224,0,S,NULL
646,0,S,NULL
1615,0,S,NULL
2225,0,S,NULL
647,0,S,NULL
1616,0,S,NULL
2226,0,S,NULL
648,0,S,NULL
1617,0,S,NULL
2227,0,I,initInf
649,0,S,NULL
1618,0,S,NULL
2228,0,S,NULL
1619,0,S,NULL
2229,0,S,NULL
650,0,S,NULL
651,0,S,NULL
1620,0,S,NULL
2230,0,S,NULL
652,0,S,NULL
1621,0,S,NULL
2231,0,S,NULL
653,0,S,NULL
1622,0,S,NULL
2232,0,S,NULL
654,0,S,NULL
1623,0,S,NULL
2233,0,S,NULL
655,0,S,NULL
1624,0,S,NULL
2234,0,I,initInf
656,0,S,NULL
1625,0,S,NULL
2235,0,S,NULL
657,0,S,NULL
1626,0,S,NULL
2236,0,S,NULL
658,0,S,NULL
1627,0,S,NULL
2237,0,S,NULL
659,0,S,NULL
1628,0,S,NULL
2238,0,S,NULL
1629,0,S,NULL
2239,0,S,NULL
660,0,S,NULL
661,0,S,NULL
1630,0,S,NULL
2240,0,S,NULL
662,0,S,NULL
1631,0,S,NULL
2241,0,S,NULL
663,0,S,NULL
1632,0,S,NULL
2242,0,S,NULL
664,0,S,NULL
1633,0,I,initInf
2243,0,S,NULL
665,0,S,NULL
1634,0,S,NULL
2244,0,S,NULL
666,0,S,NULL
1635,0,S,NULL
2245,0,S,NULL
667,0,S,NULL
1636,0,I,initInf
2246,0,S,NULL
668,0,S,NULL
1637,0,S,NULL
2247,0,S,NULL
669,0,S,NULL
1638,0,S,NULL
2248,0,S,NULL
1639,0,S,NULL
2249,0,S,NULL
670,0,S,NULL
671,0,I,initInf
1640,0,S,NULL
2250,0,S,NULL
672,0,S,NULL
1641,0,S,NULL
2251,0,S,NULL
673,0,S,NULL
1642,0,S,NULL
2252,0,S,NULL
674,0,I,initInf
1643,0,S,NULL
2253,0,S,NULL
675,0,S,NULL
1644,0,S,NULL
2254,0,S,NULL
676,0,S,NULL
1645,0,I,initInf
2255,0,S,NULL
677,0,S,NULL
1646,0,I,initInf
2256,0,S,NULL
678,0,S,NULL
1647,0,S,NULL
2257,0,I,initInf
679,0,S,NULL
1648,0,S,NULL
2258,0,S,NULL
1649,0,S,NULL
2259,0,S,NULL
680,0,S,NULL
681,0,S,NULL
1650,0,S,NULL
2260,0,S,NULL
682,0,I,initInf
1651,0,S,NULL
2261,0,S,NULL
683,0,S,NULL
1652,0,S,NULL
2262,0,S,NULL
684,0,S,NULL
1653,0,S,NULL
2263,0,S,NULL
685,0,S,NULL
1654,0,S,NULL
2264,0,S,NULL
686,0,S,NULL
1655,0,S,NULL
2265,0,S,NULL
687,0,S,NULL
1656,0,S,NULL
2266,0,S,NULL
688,0,S,NULL
1657,0,I,initInf
2267,0,I,initInf
689,0,S,NULL
1658,0,S,NULL
2268,0,S,NULL
1659,0,S,NULL
2269,0,S,NULL
690,0,S,NULL
691,0,S,NULL
1660,0,S,NULL
2270,0,S,NULL
692,0,S,NULL
1661,0,S,NULL
2271,0,S,NULL
693,0,S,NULL
1662,0,S,NULL
2272,0,S,NULL
694,0,S,NULL
1663,0,S,NULL
2273,0,I,initInf
695,0,I,initInf
1664,0,S,NULL
2274,0,S,NULL
696,0,S,NULL
1665,0,I,initInf
2275,0,S,NULL
697,0,I,initInf
1666,0,S,NULL
2276,0,S,NULL
698,0,S,NULL
1667,0,S,NULL
2277,0,S,NULL
699,0,S,NULL
1668,0,S,NULL
2278,0,I,initInf
1669,0,S,NULL
2279,0,S,NULL
1670,0,S,NULL
2280,0,S,NULL
1671,0,S,NULL
2281,0,S,NULL
1672,0,I,initInf
2282,0,S,NULL
1673,0,S,NULL
2283,0,S,NULL
1674,0,S,NULL
2284,0,I,initInf
1675,0,S,NULL
2285,0,S,NULL
1676,0,S,NULL
2286,0,S,NULL
1677,0,S,NULL
2287,0,S,NULL
1678,0,S,NULL
2288,0,S,NULL
1679,0,S,NULL
2289,0,I,initInf
1680,0,S,NULL
2290,0,S,NULL
1681,0,S,NULL
2291,0,S,NULL
1682,0,I,initInf
2292,0,S,NULL
1683,0,I,initInf
2293,0,S,NULL
1684,0,S,NULL
2294,0,S,NULL
1685,0,I,initInf
2295,0,S,NULL
1686,0,S,NULL
2296,0,S,NULL
1687,0,S,NULL
2297,0,S,NULL
1688,0,S,NULL
2298,0,S,NULL
1689,0,S,NULL
2299,0,S,NULL
1690,0,S,NULL
1691,0,I,initInf
1692,0,I,initInf
1693,0,S,NULL
1694,0,S,NULL
1695,0,S,NULL
1696,0,S,NULL
1697,0,S,NULL
1698,0,S,NULL
1699,0,S,NULL
700,0,S,NULL
701,0,S,NULL
702,0,S,NULL
703,0,S,NULL
704,0,I,initInf
705,0,S,NULL
706,0,S,NULL
707,0,I,initInf
708,0,S,NULL
709,0,S,NULL
710,0,S,NULL
711,0,I,initInf
712,0,S,NULL
713,0,S,NULL
714,0,S,NULL
715,0,S,NULL
716,0,S,NULL
717,0,S,NULL
718,0,I,initInf
719,0,S,NULL
720,0,S,NULL
721,0,S,NULL
2300,0,S,NULL
722,0,S,NULL
2301,0,S,NULL
723,0,S,NULL
2302,0,S,NULL
724,0,S,NULL
2303,0,S,NULL
725,0,I,initInf
2304,0,S,NULL
726,0,S,NULL
2305,0,S,NULL
727,0,S,NULL
2306,0,S,NULL
728,0,S,NULL
2307,0,S,NULL
729,0,I,initInf
2308,0,S,NULL
2309,0,S,NULL
730,0,S,NULL
731,0,S,NULL
1700,0,S,NULL
2310,0,I,initInf
732,0,S,NULL
1701,0,I,initInf
2311,0,S,NULL
733,0,S,NULL
1702,0,S,NULL
2312,0,I,initInf
734,0,S,NULL
1703,0,I,initInf
2313,0,S,NULL
735,0,I,initInf
1704,0,S,NULL
2314,0,I,initInf
736,0,S,NULL
1705,0,S,NULL
2315,0,S,NULL
737,0,S,NULL
1706,0,I,initInf
2316,0,I,initInf
738,0,S,NULL
1707,0,S,NULL
2317,0,S,NULL
739,0,I,initInf
1708,0,S,NULL
2318,0,S,NULL
1709,0,S,NULL
2319,0,S,NULL
740,0,S,NULL
741,0,S,NULL
1710,0,S,NULL
2320,0,S,NULL
742,0,S,NULL
1711,0,S,NULL
2321,0,S,NULL
743,0,S,NULL
1712,0,I,initInf
2322,0,S,NULL
744,0,S,NULL
1713,0,S,NULL
2323,0,S,NULL
745,0,I,initInf
1714,0,S,NULL
2324,0,S,NULL
746,0,S,NULL
1715,0,S,NULL
2325,0,S,NULL
747,0,S,NULL
1716,0,S,NULL
2326,0,S,NULL
748,0,S,NULL
1717,0,S,NULL
2327,0,S,NULL
749,0,I,initInf
1718,0,S,NULL
2328,0,S,NULL
1719,0,S,NULL
2329,0,S,NULL
750,0,S,NULL
751,0,S,NULL
1720,0,S,NULL
2330,0,S,NULL
752,0,S,NULL
1721,0,S,NULL
2331,0,I,initInf
753,0,S,NULL
1722,0,S,NULL
2332,0,I,initInf
754,0,S,NULL
1723,0,S,NULL
2333,0,S,NULL
755,0,S,NULL
1724,0,S,NULL
2334,0,S,NULL
756,0,S,NULL
1725,0,S,NULL
2335,0,S,NULL
757,0,S,NULL
1726,0,I,initInf
2336,0,S,NULL
758,0,S,NULL
1727,0,I,initInf
2337,0,I,initInf
759,0,S,NULL
1728,0,S,NULL
2338,0,S,NULL
1729,0,S,NULL
2339,0,S,NULL
760,0,S,NULL
761,0,S,NULL
1730,0,S,NULL
2340,0,S,NULL
762,0,S,NULL
1731,0,S,NULL
2341,0,S,NULL
763,0,S,NULL
1732,0,S,NULL
2342,0,I,initInf
764,0,S,NULL
1733,0,I,initInf
2343,0,S,NULL
765,0,S,NULL
1734,0,S,NULL
2344,0,S,NULL
766,0,I,initInf
1735,0,S,NULL
2345,0,S,NULL
767,0,S,NULL
1736,0,S,NULL
2346,0,S,NULL
768,0,S,NULL
1737,0,S,NULL
2347,0,S,NULL
769,0,S,NULL
1738,0,I,initInf
2348,0,S,NULL
1739,0,S,NULL
2349,0,S,NULL
770,0,S,NULL
771,0,S,NULL
1740,0,S,NULL
2350,0,I,initInf
772,0,S,NULL
1741,0,S,NULL
2351,0,S,NULL
773,0,S,NULL
1742,0,S,NULL
2352,0,S,NULL
774,0,S,NULL
1743,0,S,NULL
2353,0,S,NULL
775,0,I,initInf
1744,0,S,NULL
2354,0,S,NULL
776,0,S,NULL
1745,0,S,NULL
2355,0,S,NULL
777,0,S,NULL
1746,0,S,NULL
2356,0,S,NULL
778,0,S,NULL
1747,0,S,NULL
2357,0,S,NULL
779,0,S,NULL
1748,0,S,NULL
2358,0,S,NULL
1749,0,S,NULL
2359,0,I,initInf
780,0,S,NULL
781,0,I,initInf
1750,0,I,initInf
2360,0,S,NULL
782,0,S,NULL
1751,0,S,NULL
2361,0,S,NULL
783,0,S,NULL
1752,0,S,NULL
2362,0,S,NULL
784,0,I,initInf
1753,0,S,NULL
2363,0,S,NULL
785,0,S,NULL
1754,0,S,NULL
2364,0,S,NULL
786,0,S,NULL
1755,0,S,NULL
2365,0,S,NULL
787,0,S,NULL
1756,0,S,NULL
2366,0,I,initInf
788,0,S,NULL
1757,0,S,NULL
2367,0,S,NULL
789,0,S,NULL
1758,0,S,NULL
2368,0,S,NULL
1759,0,S,NULL
2369,0,S,NULL
790,0,S,NULL
791,0,S,NULL
1760,0,S,NULL
2370,0,S,NULL
792,0,S,NULL
1761,0,S,NULL
2371,0,S,NULL
793,0,S,NULL
1762,0,S,NULL
2372,0,S,NULL
794,0,S,NULL
1763,0,S,NULL
2373,0,S,NULL
795,0,S,NULL
1764,0,I,initInf
2374,0,S,NULL
796,0,S,NULL
1765,0,S,NULL
2375,0,S,NULL
797,0,S,NULL
1766,0,S,NULL
2376,0,S,NULL
798,0,S,NULL
1767,0,S,NULL
2377,0,I,initInf
799,0,S,NULL
1768,0,I,initInf
2378,0,S,NULL
1769,0,S,NULL
2379,0,S,NULL
1770,0,S,NULL
2380,0,S,NULL
1771,0,S,NULL
2381,0,S,NULL
1772,0,S,NULL
2382,0,S,NULL
1773,0,S,NULL
2383,0,S,NULL
1774,0,S,NULL
2384,0,I,initInf
1775,0,S,NULL
2385,0,S,NULL
1776,0,S,NULL
2386,0,S,NULL
1777,0,S,NULL
2387,0,S,NULL
1778,0,S,NULL
2388,0,S,NULL
1779,0,S,NULL
2389,0,S,NULL
1780,0,S,NULL
2390,0,S,NULL
1781,0,S,NULL
2391,0,S,NULL
1782,0,S,NULL
2392,0,S,NULL
1783,0,S,NULL
2393,0,S,NULL
1784,0,S,NULL
2394,0,S,NULL
1785,0,S,NULL
2395,0,S,NULL
1786,0,S,NULL
2396,0,S,NULL
1787,0,S,NULL
2397,0,S,NULL
1788,0,S,NULL
2398,0,S,NULL
1789,0,S,NULL
2399,0,S,NULL
1790,0,S,NULL
1791,0,S,NULL
1792,0,S,NULL
1793,0,S,NULL
1794,0,S,NULL
1795,0,S,NULL
1796,0,S,NULL
1797,0,S,NULL
1798,0,S,NULL
1799,0,S,NULL
800,0,I,initInf
801,0,S,NULL
802,0,S,NULL
803,0,S,NULL
804,0,S,NULL
805,0,S,NULL
806,0,S,NULL
807,0,S,NULL
808,0,S,NULL
809,0,S,NULL
810,0,S,NULL
811,0,S,NULL
812,0,S,NULL
813,0,S,NULL
814,0,S,NULL
815,0,S,NULL
816,0,S,NULL
817,0,S,NULL
818,0,I,initInf
819,0,S,NULL
820,0,S,NULL
821,0,S,NULL
2400,0,S,NULL
822,0,I,initInf
2401,0,I,initInf
823,0,I,initInf
2402,0,S,NULL
824,0,S,NULL
2403,0,S,NULL
825,0,S,NULL
2404,0,S,NULL
826,0,S,NULL
2405,0,S,NULL
827,0,S,NULL
2406,0,S,NULL
828,0,S,NULL
2407,0,S,NULL
829,0,S,NULL
2408,0,S,NULL
2409,0,S,NULL
830,0,S,NULL
831,0,I,initInf
1800,0,I,initInf
2410,0,S,NULL
832,0,S,NULL
1801,0,S,NULL
2411,0,S,NULL
833,0,S,NULL
1802,0,S,NULL
2412,0,I,initInf
834,0,S,NULL
1803,0,S,NULL
2413,0,S,NULL
835,0,I,initInf
1804,0,S,NULL
2414,0,S,NULL
836,0,I,initInf
1805,0,S,NULL
2415,0,S,NULL
837,0,S,NULL
1806,0,S,NULL
2416,0,S,NULL
838,0,S,NULL
1807,0,S,NULL
2417,0,I,initInf
839,0,S,NULL
1808,0,S,NULL
2418,0,S,NULL
1809,0,S,NULL
2419,0,I,initInf
840,0,S,NULL
841,0,S,NULL
1810,0,S,NULL
2420,0,I,initInf
842,0,S,NULL
1811,0,S,NULL
2421,0,S,NULL
843,0,S,NULL
1812,0,S,NULL
2422,0,I,initInf
844,0,S,NULL
1813,0,S,NULL
2423,0,I,initInf
845,0,S,NULL
1814,0,S,NULL
2424,0,S,NULL
846,0,S,NULL
1815,0,S,NULL
2425,0,I,initInf
847,0,S,NULL
1816,0,S,NULL
2426,0,I,initInf
848,0,I,initInf
1817,0,S,NULL
2427,0,S,NULL
849,0,S,NULL
1818,0,S,NULL
2428,0,S,NULL
1819,0,S,NULL
2429,0,S,NULL
850,0,I,initInf
851,0,S,NULL
1820,0,S,NULL
2430,0,S,NULL
852,0,S,NULL
1821,0,S,NULL
2431,0,S,NULL
853,0,S,NULL
1822,0,S,NULL
2432,0,S,NULL
854,0,S,NULL
1823,0,S,NULL
2433,0,S,NULL
855,0,S,NULL
1824,0,S,NULL
2434,0,S,NULL
856,0,S,NULL
1825,0,S,NULL
2435,0,S,NULL
857,0,S,NULL
1826,0,S,NULL
2436,0,I,initInf
858,0,I,initInf
1827,0,S,NULL
2437,0,S,NULL
859,0,S,NULL
1828,0,I,initInf
2438,0,S,NULL
1829,0,S,NULL
2439,0,S,NULL
860,0,I,initInf
861,0,S,NULL
1830,0,S,NULL
2440,0,S,NULL
862,0,S,NULL
1831,0,S,NULL
2441,0,S,NULL
863,0,S,NULL
1832,0,S,NULL
2442,0,S,NULL
864,0,S,NULL
1833,0,S,NULL
2443,0,S,NULL
865,0,S,NULL
1834,0,S,NULL
2444,0,S,NULL
866,0,S,NULL
1835,0,S,NULL
2445,0,I,initInf
867,0,S,NULL
1836,0,S,NULL
2446,0,S,NULL
868,0,S,NULL
1837,0,S,NULL
2447,0,S,NULL
869,0,S,NULL
1838,0,S,NULL
2448,0,S,NULL
1839,0,S,NULL
2449,0,S,NULL
870,0,S,NULL
871,0,S,NULL
1840,0,S,NULL
2450,0,S,NULL
872,0,S,NULL
1841,0,S,NULL
2451,0,S,NULL
873,0,S,NULL
1842,0,S,NULL
2452,0,S,NULL
874,0,S,NULL
1843,0,S,NULL
2453,0,S,NULL
875,0,S,NULL
1844,0,S,NULL
2454,0,S,NULL
876,0,I,initInf
1845,0,S,NULL
2455,0,I,initInf
877,0,S,NULL
1846,0,S,NULL
2456,0,I,initInf
878,0,S,NULL
1847,0,S,NULL
2457,0,S,NULL
879,0,S,NULL
1848,0,S,NULL
2458,0,S,NULL
1849,0,S,NULL
2459,0,S,NULL
880,0,S,NULL
881,0,I,initInf
1850,0,S,NULL
2460,0,I,initInf
882,0,S,NULL
1851,0,S,NULL
2461,0,S,NULL
883,0,S,NULL
1852,0,S,NULL
2462,0,I,initInf
884,0,S,NULL
1853,0,S,NULL
2463,0,S,NULL
885,0,S,NULL
1854,0,S,NULL
2464,0,S,NULL
886,0,S,NULL
1855,0,S,NULL
2465,0,S,NULL
887,0,S,NULL
1856,0,S,NULL
2466,0,S,NULL
888,0,S,NULL
1857,0,S,NULL
2467,0,S,NULL
889,0,S,NULL
1858,0,S,NULL
2468,0,S,NULL
1859,0,I,initInf
2469,0,S,NULL
890,0,S,NULL
891,0,S,NULL
1860,0,S,NULL
2470,0,S,NULL
892,0,S,NULL
1861,0,S,NULL
2471,0,S,NULL
893,0,S,NULL
1862,0,S,NULL
2472,0,S,NULL
894,0,S,NULL
1863,0,S,NULL
2473,0,I,initInf
895,0,S,NULL
1864,0,S,NULL
2474,0,S,NULL
896,0,S,NULL
1865,0,I,initInf
2475,0,S,NULL
897,0,S,NULL
1866,0,S,NULL
2476,0,I,initInf
898,0,S,NULL
1867,0,S,NULL
2477,0,S,NULL
899,0,S,NULL
1868,0,I,initInf
2478,0,S,NULL
1869,0,I,initInf
2479,0,S,NULL
1870,0,S,NULL
2480,0,I,initInf
1871,0,S,NULL
2481,0,I,initInf
1872,0,S,NULL
2482,0,S,NULL
1873,0,S,NULL
2483,0,S,NULL
1874,0,S,NULL
2484,0,I,initInf
1875,0,S,NULL
2485,0,S,NULL
1876,0,S,NULL
2486,0,S,NULL
1877,0,S,NULL
2487,0,S,NULL
1878,0,S,NULL
2488,0,S,NULL
1879,0,S,NULL
2489,0,S,NULL
1880,0,S,NULL
2490,0,S,NULL
1881,0,S,NULL
2491,0,S,NULL
1882,0,S,NULL
2492,0,S,NULL
1883,0,S,NULL
2493,0,S,NULL
1884,0,S,NULL
2494,0,S,NULL
1885,0,S,NULL
2495,0,I,initInf
1886,0,S,NULL
2496,0,S,NULL
1887,0,S,NULL
2497,0,I,initInf
1888,0,S,NULL
2498,0,S,NULL
1889,0,S,NULL
2499,0,S,NULL
1890,0,S,NULL
1891,0,S,NULL
1892,0,S,NULL
1893,0,S,NULL
1894,0,S,NULL
1895,0,S,NULL
1896,0,S,NULL
1897,0,S,NULL
1898,0,S,NULL
1899,0,S,NULL
900,0,I,initInf
901,0,I,initInf
902,0,I,initInf
903,0,S,NULL
904,0,S,NULL
905,0,S,NULL
906,0,S,NULL
907,0,S,NULL
908,0,S,NULL
909,0,S,NULL
910,0,S,NULL
911,0,S,NULL
912,0,S,NULL
913,0,S,NULL
914,0,I,initInf
915,0,S,NULL
916,0,S,NULL
917,0,S,NULL
918,0,S,NULL
919,0,S,NULL
1750,0.409057363061261,S,NULL
858,0.0486441887915134,S,NULL
469,1.8766079143762,S,NULL
1500,1.35722951963544,S,NULL
294,3.7289778701961,S,NULL
2079,3.15697761252522,S,NULL
1579,3.78429563716054,S,NULL
631,3.46843088045716,S,NULL
2267,3.02850380539894,S,NULL
1726,3.33852454833,S,NULL
1018,4.61430697561888,S,NULL
1685,4.11447604500264,S,NULL
1800,4.75794766098261,S,NULL
704,6.93371584638953,S,NULL
1187,7.17999702319503,S,NULL
2473,7.19445646927075,S,NULL
1738,8.96711759269238,S,NULL
954,10,F,NULL
1954,10,F,NULL
1957,10,F,NULL
1086,10,F,NULL
106,10,F,NULL
1208,10,F,NULL
288,10,F,NULL
1302,10,F,NULL
1310,10,F,NULL
1329,10,F,NULL
365,10,F,NULL
1360,10,F,NULL
2010,10,F,NULL
438,10,F,NULL
447,10,F,NULL
1421,10,F,NULL
2033,10,F,NULL
1438,10,F,NULL
477,10,F,NULL
1497,10,F,NULL
505,10,F,NULL
580,10,F,NULL
584,10,F,NULL
634,10,F,NULL
729,10,F,NULL
739,10,F,NULL
2332,10,F,NULL
2422,10,F,NULL
2426,10.2906081825495,S,NULL
850,10,F,NULL
1869,10,F,NULL
954,11,P,NULL
1954,11,P,NULL
1005,11.6439283365941,S,NULL
1086,11,P,NULL
106,11,P,NULL
1208,11,P,NULL
1302,11,P,NULL
1310,11,P,NULL
365,11,P,NULL
438,11,P,NULL
447,11,P,NULL
1421,11,P,NULL
2033,11,P,NULL
505,11,P,NULL
1543,11,I,SimBite
580,11,P,NULL
584,11,P,NULL
634,11,P,NULL
729,11,P,NULL
2422,11,P,NULL
140,12.5338638892861,S,NULL
1285,12.27558683604,S,NULL
301,12,I,SimBite
1899,12,I,SimBite
486,13.0112737990041,S,NULL
2332,14.2847915301766,S,NULL
2344,14,I,SimBite
2495,14.1016856767237,S,NULL
1947,15.9500574697503,S,NULL
494,15.1903419755399,S,NULL
800,15.2036991449443,S,NULL
2481,15.564176440239,S,NULL
942,16,I,SimBite
1313,16,I,SimBite
2377,16.9142151421575,S,NULL
2530,17.6465626528592,S,NULL
1276,17.7484914660454,S,NULL
1441,17.4650262337733,S,NULL
238,20,I,SimBite
696,20,I,SimBite
873,20,I,SimBite
417,21.0489979236047,S,NULL
695,21.2146707810462,S,NULL
2308,21,I,SimBite
329,23.1630011461675,S,NULL
393,23,I,SimBite
1382,23.5768516547978,S,NULL
1944,24.7977681457996,S,NULL
1309,24,I,SimBite
2124,24.2627042345703,S,NULL
2344,24,F,NULL
1839,24,I,SimBite
2085,25.0010048099446,S,NULL
1869,25.9711064398289,S,NULL
1010,26.8358456902206,S,NULL
1115,26.5722061037734,S,NULL
1726,26,I,SimBite
1994,27,I,SimBite
1996,27.3434974253178,S,NULL
1768,27.1596094593406,S,NULL
1839,27.4088797003947,S,NULL
192,28.1117420630029,S,NULL
1344,28.1419646926224,S,NULL
1457,28,I,SimBite
527,28.5752488300204,S,NULL
845,28,I,SimBite
1914,29.9953602254391,S,NULL
282,29,I,SimBite
389,29,I,SimBite
2423,29.8981785729099,S,NULL
1859,29.5173164457083,S,NULL
1106,30,I,SimBite
696,30,F,NULL
419,31,I,SimBite
822,31.5153080970049,S,NULL
222,32,I,SimBite
1411,32.4091424135904,S,NULL
1502,32,I,SimBite
2257,34.4352729618549,S,NULL
861,34,I,SimBite
862,34,I,SimBite
1910,35.5684704447822,S,NULL
259,35,I,SimBite
137,36,I,SimBite
2151,36,I,SimBite
2486,36,I,SimBite
1259,37.4640060588717,S,NULL
2061,37,I,SimBite
1662,37,I,SimBite
811,38,I,SimBite
1088,39.4584281370044,S,NULL
2415,39,I,SimBite
1118,40,I,SimBite
2356,40,I,SimBite
901,40.8074240479371,S,NULL
954,41,P2S,NULL
1954,41,P2S,NULL
1086,41,P2S,NULL
106,41,P2S,NULL
1208,41,P2S,NULL
248,41.0715011879802,S,NULL
1302,41,P2S,NULL
1310,41,P2S,NULL
365,41,P2S,NULL
438,41,P2S,NULL
447,41,P2S,NULL
1421,41,P2S,NULL
2033,41,P2S,NULL
505,41,P2S,NULL
580,41,P2S,NULL
584,41,P2S,NULL
634,41,P2S,NULL
671,41.6176791836937,S,NULL
725,41.6906647384167,S,NULL
729,41,P2S,NULL
2422,41,P2S,NULL
1044,42,I,SimBite
222,42,F,NULL
1857,42,I,SimBite
261,43.0073276162148,S,NULL
392,43,I,SimBite
2185,43.7521310523152,S,NULL
766,43.4784922748804,S,NULL
1239,44,I,SimBite
1365,44,I,SimBite
665,44,I,SimBite
795,44,I,SimBite
1780,44,I,SimBite
840,44,I,SimBite
893,44,I,SimBite
1029,45,I,SimBite
222,45.2322584278882,S,NULL
307,45,I,SimBite
437,45,I,SimBite
2151,45.4417561858015,S,NULL
1682,45.7122375936669,S,NULL
718,45.4339850875388,S,NULL
137,46.7687393886209,S,NULL
2078,46.6940888419578,S,NULL
805,46,I,SimBite
972,47,I,SimBite
2135,47.0675154589117,S,NULL
1779,47,I,SimBite
1457,48.9489779443319,S,NULL
1160,49,I,SimBite
202,49.567037448287,S,NULL
528,49.627444588311,S,NULL
1574,49,I,SimBite
2415,49,F,NULL
55,50.3684321418405,S,NULL
848,50.2952271504187,S,NULL
2462,50.4497250073927,S,NULL
1462,51.7215139404822,S,NULL
961,52,I,SimBite
1438,52.3621381260455,S,NULL
1704,52,I,SimBite
203,53,I,SimBite
392,53,F,NULL
818,53.6638428457081,S,NULL
1239,54,F,NULL
392,54,P,NULL
2349,54,I,SimBite
1502,55.1789140030742,S,NULL
2234,55.4044254124165,S,NULL
2522,56.4864116720855,S,NULL
1465,56,I,SimBite
2185,56,I,SimBite
2289,56.3881061971188,S,NULL
980,57,I,SimBite
1004,57.3995244689286,S,NULL
1175,57,I,SimBite
1665,57.2250343859196,S,NULL
1915,58.1599682443014,S,NULL
747,58,I,SimBite
1118,59.6704953694799,S,NULL
403,60.8258593827486,S,NULL
1726,60.1332043043951,S,NULL
803,60,I,SimBite
2425,60.047763332725,S,NULL
900,60.8418989538758,S,NULL
1393,61.3153368234634,S,NULL
2071,61,I,SimBite
754,61,I,SimBite
744,62,I,SimBite
1779,62.9789741970599,S,NULL
190,63,I,SimBite
1764,63.5089904069901,S,NULL
2401,63.6601355858147,S,NULL
2419,64.4933687523007,S,NULL
97,65.3814787045121,S,NULL
717,65,I,SimBite
961,66.3507035023585,S,NULL
2543,66,I,SimBite
1175,66.4061680138111,S,NULL
480,66.4641023613513,S,NULL
1602,66,I,SimBite
1753,66,I,SimBite
2447,66,I,SimBite
2142,67.1259805560112,S,NULL
1553,67.5219904330473,S,NULL
1596,67,I,SimBite
805,67.6757773949734,S,NULL
23,68.1829485662558,S,NULL
288,68.898125551641,S,NULL
2372,68,I,SimBite
573,69,I,SimBite
793,69,I,SimBite
1921,70,I,SimBite
1233,70,I,SimBite
290,70,I,SimBite
803,70,F,NULL
873,70.4915493540466,S,NULL
2514,71,I,SimBite
2071,71,F,NULL
2149,71.3501051068306,S,NULL
803,71,P,NULL
23,72,I,SimBite
1165,72,I,SimBite
2071,72,P,NULL
494,72,I,SimBite
1546,72.833220846951,S,NULL
2455,72.6977370679379,S,NULL
1919,73,I,SimBite
121,73,I,SimBite
557,73.026084061712,S,NULL
1767,73,I,SimBite
1925,74,I,SimBite
1078,74.5710240676999,S,NULL
1707,74,I,SimBite
1919,75.512864095148,S,NULL
1431,75,I,SimBite
2119,75.7022883743048,S,NULL
590,75,I,SimBite
808,75,I,SimBite
44,76,I,SimBite
1079,76,I,SimBite
514,76.6932391561568,S,NULL
2287,77,I,SimBite
2484,77.8598646633327,S,NULL
1947,78,I,SimBite
123,78,I,SimBite
2147,78,I,SimBite
7,79.0116628301379,S,NULL
1947,79.3026484033148,S,NULL
16,79,I,SimBite
20,79,I,SimBite
1207,79,I,SimBite
420,79.423550888896,S,NULL
665,79.7155237346888,S,NULL
793,79,F,NULL
833,80,I,SimBite
1449,81,I,SimBite
620,81.1403496190906,S,NULL
1646,81.3630249351263,S,NULL
1652,81,I,SimBite
1707,81.4164537712932,S,NULL
831,81.5902910195291,S,NULL
11,83,I,SimBite
1338,83.9805840213635,S,NULL
1734,83,I,SimBite
793,83.9592280387878,S,NULL
1801,83,I,SimBite
845,83.9231147145775,S,NULL
262,84,I,SimBite
1350,84.5687676664174,S,NULL
392,84,P2S,NULL
328,85.9044087119401,S,NULL
1686,85,I,SimBite
121,86.2757579894874,S,NULL
1572,87.0677947600798,S,NULL
1692,87.4303502030671,S,NULL
881,87.7189541235566,S,NULL
1903,88,I,SimBite
1947,88,I,SimBite
1979,88,I,SimBite
1984,88,I,SimBite
309,88.8946807747972,S,NULL
2023,88,I,SimBite
1448,88,I,SimBite
2147,88,F,NULL
1645,88.1623588502407,S,NULL
494,89.4784806557,S,NULL
2147,89,P,NULL
784,89.4713614135981,S,NULL
1341,90,I,SimBite
495,90,I,SimBite
781,90.3698136098683,S,NULL
1916,91.0191143862903,S,NULL
2010,91.0328124649823,S,NULL
1449,91,F,NULL
2293,91,I,SimBite
2045,92,I,SimBite
499,92.311948351562,S,NULL
2350,92.4472710117698,S,NULL
2370,93,I,SimBite
2372,93.2285957631252,S,NULL
1795,93,I,SimBite
2440,93,I,SimBite
258,94,I,SimBite
2023,94.0715219937265,S,NULL
1554,94,I,SimBite
1672,94.147858582437,S,NULL
2389,94,I,SimBite
1943,95.193793065846,S,NULL
1093,95,I,SimBite
259,95.3384010772988,S,NULL
1574,95.8360112048686,S,NULL
1815,95,I,SimBite
1220,96.2459642224113,S,NULL
1374,96.5403109788895,S,NULL
1693,96,I,SimBite
1820,96,I,SimBite
483,97.0148196443915,S,NULL
1706,97.6091085933149,S,NULL
2261,98,I,SimBite
2317,98,I,SimBite
828,98,I,SimBite
1925,99.4265374466988,S,NULL
1070,100.896399933845,S,NULL
316,101.31507916376,S,NULL
2127,101,I,SimBite
1633,101.495683006942,S,NULL
2261,101.515153937042,S,NULL
1693,101.503612735958,S,NULL
803,101,P2S,NULL
1083,102.20231031999,S,NULL
1233,102.867041416466,S,NULL
2071,102,P2S,NULL
1504,102.357180323452,S,NULL
1579,102,I,SimBite
910,102,I,SimBite
939,103,I,SimBite
1921,103.013911494355,S,NULL
2287,103.410073111949,S,NULL
258,104,F,NULL
2057,104.280799534172,S,NULL
2456,104.06066775322,S,NULL
258,105,P,NULL
2209,105,I,SimBite
479,107,I,SimBite
240,108.497008960694,S,NULL
541,108,I,SimBite
749,108.041928801686,S,NULL
828,108,F,NULL
2573,109,I,SimBite
1039,109,I,SimBite
555,109,I,SimBite
1568,109,I,SimBite
1666,109,I,SimBite
828,109,P,NULL
1408,110,I,SimBite
449,110.695617832243,S,NULL
1579,110.915975402383,S,NULL
2304,110,I,SimBite
191,111,I,SimBite
1223,111,I,SimBite
1554,111.353087389041,S,NULL
2487,111,I,SimBite
2511,112.663925068361,S,NULL
2543,112.054049969255,S,NULL
1509,112,I,SimBite
2274,112,I,SimBite
860,112.69686948508,S,NULL
1457,113,I,SimBite
2182,113,I,SimBite
1634,113,I,SimBite
1678,113,I,SimBite
500,114.080309588462,S,NULL
574,114.515560127922,S,NULL
1556,114,I,SimBite
2209,115,F,NULL
1720,115,I,SimBite
2432,115,I,SimBite
1239,116.623849380761,S,NULL
506,116,I,SimBite
2209,116,P,NULL
1759,116,I,SimBite
193,117.001276183873,S,NULL
1388,117,I,SimBite
584,117,I,SimBite
2228,117,I,SimBite
1681,117,I,SimBite
209,118,I,SimBite
368,118,I,SimBite
1457,118.227088369429,S,NULL
560,118,I,SimBite
850,118.50402969867,S,NULL
1961,119,I,SimBite
1039,119,F,NULL
2147,119,P2S,NULL
1997,120,I,SimBite
2139,120.009877160192,S,NULL
2389,120.544258325754,S,NULL
972,121.549387581646,S,NULL
1044,121.412984196097,S,NULL
1253,121.81040908741,S,NULL
1338,121,I,SimBite
512,121.058839093894,S,NULL
1512,121,I,SimBite
2127,121.28025911804,S,NULL
1526,121.509346738458,S,NULL
654,121,I,SimBite
696,121.936066665904,S,NULL
2555,122,I,SimBite
992,123,I,SimBite
208,123,I,SimBite
1450,123.143703397363,S,NULL
1655,123,I,SimBite
2446,123,I,SimBite
2142,124,I,SimBite
697,124.22947967425,S,NULL
2135,125,I,SimBite
1723,126,I,SimBite
1759,126,F,NULL
1312,127,I,SimBite
1449,127.101966220886,S,NULL
1634,127.467192906886,S,NULL
560,128,F,NULL
1592,128,I,SimBite
747,128.200428925455,S,NULL
1773,129,I,SimBite
2436,129.694372694939,S,NULL
1961,130.321963276714,S,NULL
1683,130.916802026331,S,NULL
152,131.550596375018,S,NULL
502,131,I,SimBite
1571,131,I,SimBite
717,131.028027702123,S,NULL
2346,131,I,SimBite
2555,132.922654481095,S,NULL
209,132.22018081254,S,NULL
590,132.563078217208,S,NULL
601,132,I,SimBite
2344,132.249896291227,S,NULL
831,132,I,SimBite
867,132,I,SimBite
1974,133,I,SimBite
1325,133,I,SimBite
1388,133.907235700637,S,NULL
1463,133,I,SimBite
1590,133,I,SimBite
897,133,I,SimBite
2207,134,I,SimBite
2233,134,I,SimBite
1761,134,I,SimBite
1832,134,I,SimBite
258,135,P2S,NULL
2345,135,I,SimBite
862,135.368093474465,S,NULL
1518,136.374298110604,S,NULL
2375,136,I,SimBite
867,136.83325845719,S,NULL
1895,136,I,SimBite
1947,137.676199629903,S,NULL
1310,137,I,SimBite
2171,137,I,SimBite
2384,137.952555250376,S,NULL
475,138.731430292751,S,NULL
1474,138.876987887067,S,NULL
1556,139.046542100608,S,NULL
624,139,I,SimBite
828,139,P2S,NULL
2424,139,I,SimBite
450,140,I,SimBite
541,140.340484040645,S,NULL
1843,140,I,SimBite
214,141.286241263405,S,NULL
378,141.117146890604,S,NULL
511,141.982552431401,S,NULL
682,141.751566144737,S,NULL
1590,143,F,NULL
624,144.886085031298,S,NULL
1761,144,F,NULL
2487,144.02062433213,S,NULL
1878,144,I,SimBite
25,145.607818771746,S,NULL
1079,145.732021447271,S,NULL
509,145,I,SimBite
739,145.914424761179,S,NULL
1761,145,P,NULL
419,146.098335795881,S,NULL
2209,146,P2S,NULL
673,146,I,SimBite
2171,147,F,NULL
693,147,I,SimBite
757,147,I,SimBite
1921,148,I,SimBite
2553,148,I,SimBite
1049,148.753445656107,S,NULL
1062,148,I,SimBite
1219,148,I,SimBite
1309,148.77694619447,S,NULL
2171,148,P,NULL
779,148,I,SimBite
1106,149.923380855471,S,NULL
307,149.50863270089,S,NULL
1359,149,I,SimBite
2211,149.403409278932,S,NULL
2424,149,F,NULL
2514,150.023480135947,S,NULL
508,151.867236374857,S,NULL
2103,151.908971360865,S,NULL
1652,151.979104470462,S,NULL
1746,151,I,SimBite
1391,152,I,SimBite
626,152,I,SimBite
2536,153,I,SimBite
2551,153,I,SimBite
1167,153,I,SimBite
430,154,I,SimBite
2035,154,I,SimBite
1549,154.097766728193,S,NULL
2244,154,I,SimBite
1730,154,I,SimBite
931,155,I,SimBite
16,155.246545917631,S,NULL
521,155,I,SimBite
2314,155.474693284409,S,NULL
2415,155.245773620903,S,NULL
1947,156,I,SimBite
1835,156,I,SimBite
1480,157,I,SimBite
1512,157.885958071798,S,NULL
1795,157.032850880176,S,NULL
823,157.732113962872,S,NULL
1244,158,I,SimBite
1320,158.64831022078,S,NULL
1746,158.676614061796,S,NULL
1160,159.92935660854,S,NULL
1359,159,F,NULL
2505,160,I,SimBite
1979,160.69266437142,S,NULL
1036,160.1515378719,S,NULL
272,160,I,SimBite
2092,160.719696115411,S,NULL
526,160,I,SimBite
2238,160,I,SimBite
833,160.198832787573,S,NULL
2412,161.896652012188,S,NULL
1031,162,I,SimBite
2312,162.759914985838,S,NULL
1730,162.193804789335,S,NULL
1819,162,I,SimBite
2551,163,F,NULL
44,163.692909687757,S,NULL
64,163,I,SimBite
815,163,I,SimBite
5,164.066714039984,S,NULL
1031,164.721292059869,S,NULL
1481,164,I,SimBite
555,164.210264396348,S,NULL
2244,164,F,NULL
1655,164.703082341701,S,NULL
123,165.143612559885,S,NULL
2266,166,I,SimBite
1029,167.364150173962,S,NULL
2266,167.393648621234,S,NULL
1836,167,I,SimBite
368,168.332574204884,S,NULL
2330,168,I,SimBite
1816,168,I,SimBite
531,169.537537494197,S,NULL
2117,169,I,SimBite
744,169.030586525798,S,NULL
897,169.252306256443,S,NULL
2521,170,I,SimBite
1939,170,I,SimBite
2445,170.391143850031,S,NULL
1991,171,I,SimBite
2061,171.497187566012,S,NULL
197,172,I,SimBite
348,172,I,SimBite
2277,172,I,SimBite
931,173.621298018843,S,NULL
1227,173.623230113628,S,NULL
2045,173.069264747202,S,NULL
498,173,I,SimBite
1592,173.47213120386,S,NULL
1078,174,I,SimBite
1590,174.261700447649,S,NULL
1626,174,I,SimBite
2320,174,I,SimBite
1732,174,I,SimBite
831,174.133298723258,S,NULL
2505,175.706460364163,S,NULL
1011,175,I,SimBite
1761,175,P2S,NULL
1141,176,I,SimBite
252,176,I,SimBite
303,176,I,SimBite
2315,176,I,SimBite
1783,176,I,SimBite
2233,177.872366598207,S,NULL
2282,177,I,SimBite
20,178.427591077983,S,NULL
560,178.246294457465,S,NULL
2171,178,P2S,NULL
2201,178,I,SimBite
1339,179,I,SimBite
1685,179,I,SimBite
1742,179,I,SimBite
2363,179,I,SimBite
1105,181.792295529487,S,NULL
2231,181,I,SimBite
1759,181.549077320141,S,NULL
880,181,I,SimBite
573,182.650322053581,S,NULL
1722,182,I,SimBite
2187,183,I,SimBite
1078,184,F,NULL
1219,184.269637746913,S,NULL
1226,184.826898938956,S,NULL
1329,184.919369398596,S,NULL
2316,184.994589333715,S,NULL
2457,184,I,SimBite
1078,185,P,NULL
1112,185,I,SimBite
1151,185.0443277424,S,NULL
282,185.967396839502,S,NULL
2060,185,I,SimBite
1763,185,I,SimBite
1878,185.005620732903,S,NULL
1110,186.678998163881,S,NULL
1167,186.005389092081,S,NULL
401,186,I,SimBite
428,186.738203417307,S,NULL
1876,186,I,SimBite
1904,187,I,SimBite
1946,188,I,SimBite
265,188,I,SimBite
345,188,I,SimBite
1475,188.131193132171,S,NULL
2089,188,I,SimBite
1780,188.562872735894,S,NULL
1823,188,I,SimBite
893,188.448194458129,S,NULL
414,189.56147263849,S,NULL
1439,189,I,SimBite
1685,189,F,NULL
71,190,I,SimBite
2228,190.335894476622,S,NULL
2527,191,I,SimBite
1983,191,I,SimBite
496,191,I,SimBite
1681,191.921030680996,S,NULL
1722,192,F,NULL
1742,192.111372437767,S,NULL
798,192,I,SimBite
237,193.793361625614,S,NULL
1701,193.672973214869,S,NULL
1722,193,P,NULL
928,194.286702937427,S,NULL
947,194,I,SimBite
754,194.783046435565,S,NULL
1221,195,I,SimBite
2111,195.20885307327,S,NULL
118,196.946478067877,S,NULL
2486,196.105990237536,S,NULL
2544,197,I,SimBite
1899,197.59633026922,S,NULL
2553,198.85847099249,S,NULL
393,198.667577787283,S,NULL
2231,198.38441142473,S,NULL
1823,198,F,NULL
1167,199,I,SimBite
2101,199,I,SimBite
2135,199.127023667097,S,NULL
1711,200,I,SimBite
1923,201.727083875778,S,NULL
1974,201.91577691012,S,NULL
92,201,I,SimBite
863,201,I,SimBite
866,201,I,SimBite
148,202,I,SimBite
190,202.014216580808,S,NULL
2086,202,I,SimBite
604,202,I,SimBite
2518,203,I,SimBite
1386,203,I,SimBite
1723,203.070035226643,S,NULL
947,204,F,NULL
1074,204,I,SimBite
947,205,P,NULL
1048,205,I,SimBite
1221,205,F,NULL
2164,205,I,SimBite
690,205,I,SimBite
2417,205.996119781377,S,NULL
1221,206,P,NULL
106,207,I,SimBite
262,207.385235946625,S,NULL
1323,207,I,SimBite
430,207.254751911632,S,NULL
2012,207.219529682896,S,NULL
1931,208.075499339941,S,NULL
669,208,I,SimBite
2459,208,I,SimBite
1043,209.953593081775,S,NULL
1083,209,I,SimBite
2180,209,I,SimBite
757,209.122968677431,S,NULL
980,210.535749322162,S,NULL
1272,210,I,SimBite
401,210.877096101806,S,NULL
1548,210,I,SimBite
690,210.734185595065,S,NULL
1711,210,F,NULL
1838,210,I,SimBite
1197,211,I,SimBite
2019,211,I,SimBite
1626,211.335729403139,S,NULL
25,212,I,SimBite
1224,212,I,SimBite
1282,212,I,SimBite
2017,212,I,SimBite
1439,212.501904774457,S,NULL
646,212,I,SimBite
128,213,I,SimBite
43,214,I,SimBite
1338,214.801444675773,S,NULL
1078,215,P2S,NULL
608,215,I,SimBite
2207,215.378093554222,S,NULL
1847,216,I,SimBite
1386,217.268207385553,S,NULL
2001,217,I,SimBite
531,217,I,SimBite
550,217.722308441045,S,NULL
1714,217,I,SimBite
2488,217,I,SimBite
240,219,I,SimBite
251,219,I,SimBite
1460,219,I,SimBite
1537,219,I,SimBite
2375,219.671374432743,S,NULL
1877,219,I,SimBite
1886,219,I,SimBite
1130,220,I,SimBite
589,220.094001284781,S,NULL
614,220,I,SimBite
1911,221,I,SimBite
1696,221,I,SimBite
60,222.494766228485,S,NULL
268,222,I,SimBite
314,222,I,SimBite
1548,222.263233494014,S,NULL
1820,222.15832099691,S,NULL
2264,223,I,SimBite
711,223.204927138033,S,NULL
1722,223,P2S,NULL
177,224,I,SimBite
1875,224,I,SimBite
1886,224.427792734406,S,NULL
1918,225,I,SimBite
613,225.02123209739,S,NULL
2200,225.67187192941,S,NULL
1616,225,I,SimBite
693,225.126989398152,S,NULL
408,226,I,SimBite
1411,226,I,SimBite
1629,226,I,SimBite
1637,226,I,SimBite
2488,226.698165021837,S,NULL
1997,227.836627680808,S,NULL
2264,227.266749358673,S,NULL
1308,228,I,SimBite
1359,228.947773646563,S,NULL
1376,228,I,SimBite
2089,228.207142592733,S,NULL
674,228.097460258743,S,NULL
1011,229.593614827691,S,NULL
20,229,I,SimBite
88,229.957253850045,S,NULL
2154,229,I,SimBite
2510,230,I,SimBite
832,230,I,SimBite
2157,231,I,SimBite
1876,231.34372985363,S,NULL
2549,232.216748895963,S,NULL
2217,232,I,SimBite
2035,233.427325266377,S,NULL
576,233.654640234056,S,NULL
2232,233,I,SimBite
836,233.01201275641,S,NULL
929,234,I,SimBite
944,234,I,SimBite
56,234,I,SimBite
2116,234,I,SimBite
740,234,I,SimBite
779,234.263448745012,S,NULL
947,235,P2S,NULL
16,235,I,SimBite
238,235.180902919712,S,NULL
1616,235,F,NULL
2278,235.803605421426,S,NULL
1714,235.599456641823,S,NULL
148,236.011100046337,S,NULL
1221,236,P2S,NULL
1616,236,P,NULL
1155,237.0787627911,S,NULL
1245,237.7771936273,S,NULL
870,237,I,SimBite
1859,237,I,SimBite
1895,237.97501545772,S,NULL
495,238.357860497833,S,NULL
2259,239,I,SimBite
2153,240,I,SimBite
1847,240.565208703279,S,NULL
2186,241.001902399061,S,NULL
2204,241,I,SimBite
1912,242,I,SimBite
2238,242.630673516542,S,NULL
1921,243.080676236013,S,NULL
1167,243.234447397225,S,NULL
301,243.647010697963,S,NULL
421,243.258704050424,S,NULL
2297,243,I,SimBite
1372,244,I,SimBite
772,244,I,SimBite
2367,244,I,SimBite
1843,244.204826522619,S,NULL
128,245.384503046607,S,NULL
1375,245,I,SimBite
616,245,I,SimBite
267,246,I,SimBite
522,246.91375157887,S,NULL
61,247.921578391435,S,NULL
1541,247.136679097059,S,NULL
47,248.328445843401,S,NULL
2227,248.615085883977,S,NULL
1093,249.776991150322,S,NULL
2000,249,I,SimBite
531,249.403546851128,S,NULL
649,249,I,SimBite
808,249.367880966909,S,NULL
1214,250.607636376264,S,NULL
551,250,I,SimBite
580,250,I,SimBite
922,251.15566792989,S,NULL
228,251.677209316733,S,NULL
1398,251,I,SimBite
463,251.726826644483,S,NULL
2071,251,I,SimBite
2130,251.035885504427,S,NULL
2204,251,F,NULL
1838,251.311492491513,S,NULL
1939,252.119825482368,S,NULL
243,252,I,SimBite
2204,252,P,NULL
801,252,I,SimBite
1991,253.679393287813,S,NULL
52,253,I,SimBite
1263,253.791315845194,S,NULL
1322,253,I,SimBite
2198,253,I,SimBite
745,253.722205935958,S,NULL
1941,254.48957364166,S,NULL
177,254.071587242811,S,NULL
1217,254.257030404153,S,NULL
2007,254,I,SimBite
1673,254,I,SimBite
2367,254,F,NULL
1947,255.794634617865,S,NULL
48,255,I,SimBite
1165,255.291126034203,S,NULL
516,255,I,SimBite
2128,255,I,SimBite
1711,255.394740717896,S,NULL
811,255.358484483304,S,NULL
950,256,I,SimBite
1020,256,I,SimBite
1197,256.261142589152,S,NULL
2273,256.141143656316,S,NULL
829,256,I,SimBite
331,257,I,SimBite
580,258.903740346432,S,NULL
1173,259,I,SimBite
250,259,I,SimBite
1516,259.874496786835,S,NULL
597,259,I,SimBite
2497,259.35536007488,S,NULL
1481,260.57344147563,S,NULL
798,260.700001295656,S,NULL
252,261.825650114566,S,NULL
2456,261,I,SimBite
1957,262.419415443184,S,NULL
1062,262.553739316761,S,NULL
2388,262,I,SimBite
863,262.617831606418,S,NULL
1903,263.794758074333,S,NULL
1431,263.103670804741,S,NULL
1776,263,I,SimBite
1471,265,I,SimBite
972,266,I,SimBite
1040,266.279646000805,S,NULL
1342,266,I,SimBite
1616,266,P2S,NULL
720,267,I,SimBite
153,268.824563167038,S,NULL
913,268,I,SimBite
1020,269.073481060924,S,NULL
1227,269,I,SimBite
1031,270,I,SimBite
2370,270.847858323636,S,NULL
1968,271,I,SimBite
1059,271,I,SimBite
1425,271,I,SimBite
2139,271,I,SimBite
2460,271.393288663569,S,NULL
1313,272.225297405365,S,NULL
1768,272,I,SimBite
960,273,I,SimBite
450,273.559122961015,S,NULL
225,274,I,SimBite
7,276,I,SimBite
269,276,I,SimBite
626,276.779480695724,S,NULL
1740,276,I,SimBite
942,277.19983139539,S,NULL
2198,278.342138577253,S,NULL
2440,278.885659410598,S,NULL
33,279,I,SimBite
1696,279.241326687314,S,NULL
303,280.11749817431,S,NULL
506,280.165772116723,S,NULL
795,280.781364112141,S,NULL
1801,280.121927972499,S,NULL
392,281,I,SimBite
2204,282,P2S,NULL
654,282.649843296948,S,NULL
364,284,I,SimBite
829,284.912916686386,S,NULL
2424,284.8667953132,S,NULL
1973,285,I,SimBite
563,285.101358363058,S,NULL
1575,285.903846802175,S,NULL
1607,285.089669020631,S,NULL
918,285,I,SimBite
1206,286,I,SimBite
1258,286,I,SimBite
362,286,I,SimBite
2013,286,I,SimBite
1663,286,I,SimBite
316,287,I,SimBite
2330,287.27393581606,S,NULL
2345,287.755311846064,S,NULL
854,287,I,SimBite
903,287,I,SimBite
963,288,I,SimBite
2450,288,I,SimBite
1957,289,I,SimBite
1372,289.065524522215,S,NULL
1757,289,I,SimBite
1554,290,I,SimBite
829,290,I,SimBite
1247,291,I,SimBite
1460,291.321354784071,S,NULL
583,291,I,SimBite
815,291.581125661731,S,NULL
1838,292,I,SimBite
1426,293,I,SimBite
2048,293,I,SimBite
496,294.619662299752,S,NULL
1540,294,I,SimBite
885,294,I,SimBite
992,295.519665706935,S,NULL
1000,295.324092796845,S,NULL
2331,295.163522085127,S,NULL
949,296,I,SimBite
1984,296.188064980231,S,NULL
203,296.529435052517,S,NULL
1324,296.354070289021,S,NULL
1516,296,I,SimBite
649,296.07997664402,S,NULL
2310,296.01031540144,S,NULL
1734,297.305956653299,S,NULL
902,297.862279025798,S,NULL
2521,298.812790475786,S,NULL
2569,298,I,SimBite
1348,298.648351509064,S,NULL
1450,298,I,SimBite
835,298.194121230826,S,NULL
117,299,I,SimBite
1459,299.043568951969,S,NULL
2265,299,I,SimBite
1757,299,F,NULL
1868,299.228279648309,S,NULL
2133,300.740884227638,S,NULL
1207,301.091211928966,S,NULL
320,301,I,SimBite
414,301,I,SimBite
457,301,I,SimBite
2447,301.666189706864,S,NULL
870,301.066144206813,S,NULL
479,302.599233536961,S,NULL
1463,302.549590899589,S,NULL
536,302,I,SimBite
2170,302,I,SimBite
2317,302.813405304196,S,NULL
2457,302.308359663934,S,NULL
199,303,I,SimBite
509,303.809825726973,S,NULL
2208,303,I,SimBite
1227,304.438236128539,S,NULL
600,304,I,SimBite
604,304.820907253772,S,NULL
1773,304.401831781108,S,NULL
299,305.3510388869,S,NULL
1433,305.655226467137,S,NULL
465,305,I,SimBite
1595,305,I,SimBite
646,305.494250904769,S,NULL
922,306,I,SimBite
949,306,F,NULL
1,306,I,SimBite
1934,306,I,SimBite
1110,306,I,SimBite
2435,306,I,SimBite
991,307,I,SimBite
282,307,I,SimBite
2208,307.880808844954,S,NULL
1661,307,I,SimBite
1698,307,I,SimBite
1811,307,I,SimBite
8,308,I,SimBite
1999,308,I,SimBite
1004,308,I,SimBite
1322,308.017534025006,S,NULL
1450,308,F,NULL
1863,308,I,SimBite
932,309,I,SimBite
1450,309,P,NULL
981,310,I,SimBite
536,310.506958579461,S,NULL
2232,310.254428341985,S,NULL
2291,310,I,SimBite
2527,311.537280477583,S,NULL
1982,311,I,SimBite
1105,311,I,SimBite
347,311,I,SimBite
405,311,I,SimBite
553,311,I,SimBite
2170,311.194415826258,S,NULL
1891,311,I,SimBite
1037,312,I,SimBite
348,312.760315014961,S,NULL
711,312,I,SimBite
2510,313.757465652577,S,NULL
553,313.07201577723,S,NULL
712,313,I,SimBite
2405,313,I,SimBite
2456,313.315225988793,S,NULL
2569,314.72829438449,S,NULL
2000,314.223409887403,S,NULL
437,314.93914990777,S,NULL
2066,314,I,SimBite
600,314,F,NULL
1110,315.626635843002,S,NULL
188,315.837555734401,S,NULL
424,315,I,SimBite
600,315,P,NULL
740,315.964468862861,S,NULL
2362,315,I,SimBite
1777,315,I,SimBite
910,315.520066562489,S,NULL
952,316,I,SimBite
1013,316.333554401639,S,NULL
608,316.839667186141,S,NULL
2339,316,I,SimBite
2388,316.24262960008,S,NULL
1077,317.756085080986,S,NULL
1299,317,I,SimBite
2058,317,I,SimBite
2367,317.407286312431,S,NULL
2493,317,I,SimBite
1,318.052025130754,S,NULL
1122,318,I,SimBite
1416,318,I,SimBite
1739,319,I,SimBite
2545,320,I,SimBite
627,320,I,SimBite
2291,320,F,NULL
1740,320.56974780187,S,NULL
1820,320,I,SimBite
2359,321.418405640117,S,NULL
2496,321,I,SimBite
56,322.524158671498,S,NULL
437,322,I,SimBite
587,322,I,SimBite
2375,322,I,SimBite
1877,322.89726953581,S,NULL
1187,323,I,SimBite
364,323.711506105959,S,NULL
399,323,I,SimBite
2196,323.054377717857,S,NULL
1048,324.58052132836,S,NULL
136,324,I,SimBite
2066,324,F,NULL
1516,324.827084308702,S,NULL
139,325,I,SimBite
214,325,I,SimBite
1375,325.823148228228,S,NULL
2053,325,I,SimBite
2381,325,I,SimBite
1225,326,I,SimBite
407,326,I,SimBite
1473,326,I,SimBite
267,327.988393794745,S,NULL
1247,327.94096179679,S,NULL
351,327,I,SimBite
592,327.700385061984,S,NULL
2318,327,I,SimBite
1828,327.378149686341,S,NULL
2493,327,F,NULL
1911,328.564111799002,S,NULL
1396,328,I,SimBite
2422,328,I,SimBite
1836,328.040725181979,S,NULL
1992,329.864045215731,S,NULL
1589,329,I,SimBite
2352,329,I,SimBite
2353,329,I,SimBite
1875,329.180247873068,S,NULL
1885,329,I,SimBite
1258,330.912768846203,S,NULL
2240,330,I,SimBite
1896,330,I,SimBite
1935,331,I,SimBite
2496,331,F,NULL
913,331.853738989397,S,NULL
1018,332,I,SimBite
1375,332,I,SimBite
1732,332.578523426297,S,NULL
1111,333,I,SimBite
1130,333.588538393378,S,NULL
1206,333.48749807477,S,NULL
1400,333,I,SimBite
641,333,I,SimBite
1406,334,I,SimBite
614,334.951151143759,S,NULL
2335,334,I,SimBite
2233,335,I,SimBite
2293,335.166502534392,S,NULL
1802,335,I,SimBite
269,336.434285644442,S,NULL
528,336,I,SimBite
1763,336.286635337573,S,NULL
2222,337,I,SimBite
1373,338,I,SimBite
1396,338,F,NULL
1470,338,I,SimBite
2422,338,F,NULL
866,338.342764995992,S,NULL
1301,339.444116858726,S,NULL
1450,339,P2S,NULL
2352,339,F,NULL
2422,339,P,NULL
1973,340.562447942793,S,NULL
1105,340.645534511656,S,NULL
1152,340,I,SimBite
1191,340,I,SimBite
1686,340.448792866411,S,NULL
2352,340,P,NULL
1896,340,F,NULL
1149,341.849470848018,S,NULL
349,341,I,SimBite
2106,341,I,SimBite
1589,341.589376792312,S,NULL
2026,342,I,SimBite
1603,342,I,SimBite
1720,342.624034579673,S,NULL
1857,342.725906015719,S,NULL
959,343,I,SimBite
331,343.606379970908,S,NULL
1509,343.300227708163,S,NULL
2142,343.483981495391,S,NULL
1994,344.427742536857,S,NULL
49,344,I,SimBite
1223,344.123139161784,S,NULL
1458,344,I,SimBite
2113,344,I,SimBite
1524,344,I,SimBite
2139,344.921295255423,S,NULL
2353,344.242046759738,S,NULL
2036,345,I,SimBite
600,345,P2S,NULL
268,346.408523738384,S,NULL
1119,347,I,SimBite
725,347,I,SimBite
1376,348.146831683815,S,NULL
1406,348.902485441417,S,NULL
840,348.53971622694,S,NULL
1152,350,F,NULL
1291,350,I,SimBite
445,350,I,SimBite
2064,350.632100535517,S,NULL
2072,350,I,SimBite
855,350,I,SimBite
67,351.633253676777,S,NULL
1152,351,P,NULL
2106,351,F,NULL
173,352,I,SimBite
1447,352.927266417031,S,NULL
2106,352,P,NULL
529,352,I,SimBite
2119,352,I,SimBite
1517,352,I,SimBite
1685,352.574533102633,S,NULL
720,352.974149075163,S,NULL
317,353,I,SimBite
2001,353.239242553711,S,NULL
2196,353,I,SimBite
251,354.364899877459,S,NULL
1458,354,F,NULL
2151,354,I,SimBite
1739,354.488389059901,S,NULL
2409,354,I,SimBite
2413,354,I,SimBite
1146,355,I,SimBite
1408,355.934742121937,S,NULL
517,355,I,SimBite
2500,356,I,SimBite
101,356,I,SimBite
1211,356,I,SimBite
2337,356.037827191835,S,NULL
817,356,I,SimBite
2226,357,I,SimBite
1749,357,I,SimBite
252,358,I,SimBite
390,358.552554172097,S,NULL
183,359,I,SimBite
198,359,I,SimBite
987,360.76295225132,S,NULL
210,360.255106149201,S,NULL
558,360.64493520177,S,NULL
1651,360,I,SimBite
1691,360.54888179708,S,NULL
1105,361,I,SimBite
349,361.007093043731,S,NULL
2329,361,I,SimBite
2423,361,I,SimBite
1033,362,I,SimBite
529,362,F,NULL
1540,362.400657083839,S,NULL
665,362,I,SimBite
981,363.78279844299,S,NULL
1990,363,I,SimBite
1146,363.29798663035,S,NULL
265,363.059166169705,S,NULL
317,363,F,NULL
2116,363.342115111649,S,NULL
1727,363.868359086995,S,NULL
885,363.181453343481,S,NULL
1035,364,I,SimBite
1312,364.755036531928,S,NULL
534,364,I,SimBite
2336,364,I,SimBite
2365,364,I,SimBite
494,365,I,SimBite
517,365,F,NULL
2346,365.700757442954,S,NULL
2452,365,I,SimBite
1411,366.201429261895,S,NULL
2153,366.538693252951,S,NULL
904,366,I,SimBite
214,367.823517541093,S,NULL
1282,367.80307561064,S,NULL
1365,367.999805648586,S,NULL
414,367.428148244654,S,NULL
2111,367,I,SimBite
2259,367.795469799051,S,NULL
252,368,F,NULL
1568,368.549665256383,S,NULL
880,368.715921170058,S,NULL
132,369.803750427264,S,NULL
198,369,F,NULL
1349,369,I,SimBite
2382,369,I,SimBite
2422,369,P2S,NULL
950,370.520587912104,S,NULL
198,370,P,NULL
417,370,I,SimBite
2079,370,I,SimBite
1695,370,I,SimBite
2352,370,P2S,NULL
1105,371,F,NULL
1162,371,I,SimBite
1377,371.994668601041,S,NULL
1400,371.599114213139,S,NULL
627,371.613936573267,S,NULL
1629,371.759355487873,S,NULL
1105,372,P,NULL
312,372,I,SimBite
2023,372,I,SimBite
587,372.753050949425,S,NULL
1804,372,I,SimBite
342,373,I,SimBite
1033,374.001451113521,S,NULL
2026,374.691704854369,S,NULL
1554,374.812348242849,S,NULL
2362,374.072551113206,S,NULL
991,375.952592741698,S,NULL
1990,375.410895247012,S,NULL
1235,375,I,SimBite
2366,375.027297792916,S,NULL
2459,375.717995990594,S,NULL
255,376,I,SimBite
416,376,I,SimBite
1657,376.413211582189,S,NULL
1863,376.070887308568,S,NULL
1999,377.48332052456,S,NULL
128,377,I,SimBite
2046,377,I,SimBite
2198,377,I,SimBite
105,378,I,SimBite
2093,378,I,SimBite
616,378.593848813325,S,NULL
25,379.626532158794,S,NULL
1040,379,I,SimBite
136,379.812806263566,S,NULL
224,379,I,SimBite
725,379.86267798394,S,NULL
1898,379,I,SimBite
1291,380.651554408711,S,NULL
2198,380.763066418469,S,NULL
730,380,I,SimBite
2392,380,I,SimBite
1046,381.490520371084,S,NULL
169,381,I,SimBite
1152,381,P2S,NULL
544,381,I,SimBite
2423,381.397332590073,S,NULL
167,382,I,SimBite
1358,382,I,SimBite
2106,382,P2S,NULL
2113,382.073598829384,S,NULL
1191,383.059958796948,S,NULL
1308,383.58714472305,S,NULL
1712,383.854248357897,S,NULL
1947,384,I,SimBite
2504,385,I,SimBite
1930,385,I,SimBite
1588,385,I,SimBite
888,385,I,SimBite
45,386,I,SimBite
284,387,I,SimBite
1337,387,I,SimBite
2046,387,F,NULL
1619,387,I,SimBite
706,387,I,SimBite
2037,388,I,SimBite
2046,388,P,NULL
573,388,I,SimBite
1602,388.44807629097,S,NULL
8,389.839407235384,S,NULL
1065,389,I,SimBite
1310,389.65224854553,S,NULL
407,389.051082007587,S,NULL
465,390.527949500829,S,NULL
2066,390.447382444723,S,NULL
1588,390.20876608789,S,NULL
1647,390,I,SimBite
1695,390.30468294397,S,NULL
881,390,I,SimBite
2531,391.920215992217,S,NULL
1963,391,I,SimBite
368,391,I,SimBite
2053,391.812062449753,S,NULL
2217,391.258777524166,S,NULL
2221,391,I,SimBite
730,391.323558352888,S,NULL
1918,392.110578244369,S,NULL
169,392.34291577006,S,NULL
1228,392,I,SimBite
952,393.884030342102,S,NULL
2023,393.389485150576,S,NULL
2119,393.330358479172,S,NULL
199,394.122611794313,S,NULL
516,394.248512118104,S,NULL
583,394.155204094946,S,NULL
2284,394.869102148299,S,NULL
2551,395.164001496825,S,NULL
317,395.838993674653,S,NULL
825,396,I,SimBite
1832,396.159101017977,S,NULL
2471,396,I,SimBite
914,396.193688346033,S,NULL
1366,397,I,SimBite
1537,397.566133790421,S,NULL
844,397,I,SimBite
1438,398,I,SimBite
2170,398,I,SimBite
960,399.719807088375,S,NULL
1490,399,I,SimBite
1764,399,I,SimBite
2500,400.058449322768,S,NULL
12,400,I,SimBite
198,400,P2S,NULL
1366,400.50617667986,S,NULL
218,401,I,SimBite
800,401,I,SimBite
825,401.186679224035,S,NULL
861,401.073025910144,S,NULL
1072,402,I,SimBite
1105,402,P2S,NULL
600,402,I,SimBite
27,403,I,SimBite
197,403.879076353254,S,NULL
92,404.879835861413,S,NULL
2073,404.771005345469,S,NULL
2481,404,I,SimBite
1768,405.708852436393,S,NULL
105,406.549495153129,S,NULL
169,406,I,SimBite
654,406,I,SimBite
789,406,I,SimBite
1379,407,I,SimBite
2222,407.357448650708,S,NULL
671,407,I,SimBite
706,407.168508589268,S,NULL
735,407.427670044785,S,NULL
921,408.649303374772,S,NULL
1631,408,I,SimBite
2260,408,I,SimBite
1752,408,I,SimBite
924,409,I,SimBite
1199,409,I,SimBite
1455,409,I,SimBite
1577,409,I,SimBite
601,409.531388012652,S,NULL
1702,409,I,SimBite
2481,409.844451760881,S,NULL
545,410,I,SimBite
2405,410.018746007234,S,NULL
1874,410,I,SimBite
1018,411.650368262082,S,NULL
1048,411,I,SimBite
2299,411,I,SimBite
800,411.523367678891,S,NULL
276,412,I,SimBite
1947,413.215179942548,S,NULL
670,413,I,SimBite
1787,414,I,SimBite
830,414,I,SimBite
368,415.715440295824,S,NULL
2151,415.535298265517,S,NULL
1613,415,I,SimBite
2544,416.625961399617,S,NULL
1729,416,I,SimBite
829,416.286577899009,S,NULL
173,417.272759701896,S,NULL
457,417.963275708258,S,NULL
2074,417,I,SimBite
1596,417.15454937913,S,NULL
139,418.713963031769,S,NULL
2046,418,P2S,NULL
477,418.138406225859,S,NULL
517,418.527825009078,S,NULL
1543,418.120012475138,S,NULL
1852,418,I,SimBite
186,419,I,SimBite
1651,419.567815468278,S,NULL
1702,419,F,NULL
885,419,I,SimBite
1930,420.14287089929,S,NULL
1375,420.729967642576,S,NULL
1702,420,P,NULL
26,421,I,SimBite
2024,421,I,SimBite
1669,421,I,SimBite
1965,422,I,SimBite
2277,422.708957194331,S,NULL
1035,423.017196390778,S,NULL
2070,423,I,SimBite
2255,424,I,SimBite
2001,425,I,SimBite
2013,425.039368546548,S,NULL
2068,425,I,SimBite
246,426,I,SimBite
259,426,I,SimBite
545,426.421295336948,S,NULL
1729,426,F,NULL
855,426.595770381391,S,NULL
439,427.02240936993,S,NULL
1089,428,I,SimBite
1342,428.61863092983,S,NULL
720,428,I,SimBite
2335,428.40852291882,S,NULL
2395,428,I,SimBite
419,429,I,SimBite
939,430.685383934792,S,NULL
236,430,I,SimBite
1338,430,I,SimBite
2079,430.292680612026,S,NULL
1571,430.290261748158,S,NULL
693,430,I,SimBite
2505,431,I,SimBite
1636,431.907988686986,S,NULL
1838,431.616396612067,S,NULL
57,432,I,SimBite
1486,432,I,SimBite
535,432,I,SimBite
1963,433.138329613954,S,NULL
1217,433,I,SimBite
1247,433,I,SimBite
1631,433.451516825706,S,NULL
665,433.361746266484,S,NULL
669,433.555166593733,S,NULL
45,434.281126224468,S,NULL
158,434.610178651666,S,NULL
1447,434,I,SimBite
786,434,I,SimBite
1914,435,I,SimBite
1158,435,I,SimBite
2001,435,F,NULL
616,435,I,SimBite
1625,435,I,SimBite
670,435.118814662099,S,NULL
2413,435.125496979803,S,NULL
1056,436,I,SimBite
2001,436,P,NULL
1416,436.711853662004,S,NULL
1619,436.640040006489,S,NULL
1915,437,I,SimBite
1891,437.060833968222,S,NULL
963,438.008138633313,S,NULL
1384,438,I,SimBite
644,438,I,SimBite
1705,438,I,SimBite
1711,438,I,SimBite
811,438,I,SimBite
1111,439.847145222127,S,NULL
1524,439.9244155325,S,NULL
1338,440,F,NULL
398,440,I,SimBite
2182,440.910608781462,S,NULL
2336,440.88611496369,S,NULL
1338,441,P,NULL
1654,441,I,SimBite
2493,441.203924462199,S,NULL
1085,442,I,SimBite
234,442,I,SimBite
234,442.284229788139,S,NULL
351,442.377124492079,S,NULL
200,443,I,SimBite
308,443,I,SimBite
1447,444,F,NULL
509,444,I,SimBite
2101,444.119413166287,S,NULL
557,444,I,SimBite
728,444,I,SimBite
211,445,I,SimBite
382,445,I,SimBite
417,445.358471088111,S,NULL
2054,445,I,SimBite
597,445.330009429696,S,NULL
1625,445,F,NULL
2265,445.334804332613,S,NULL
942,446,I,SimBite
179,446,I,SimBite
300,446,I,SimBite
923,447,I,SimBite
1299,447.179258156568,S,NULL
2175,447,I,SimBite
2221,447.435292280131,S,NULL
1187,448.135998986661,S,NULL
1572,448,I,SimBite
2371,448,I,SimBite
811,448,F,NULL
919,448,I,SimBite
1925,449,I,SimBite
1012,449,I,SimBite
1331,449,I,SimBite
2304,449.052556810861,S,NULL
2420,449.404581238456,S,NULL
1327,450,I,SimBite
419,450.002797968686,S,NULL
2226,450.114782958058,S,NULL
1702,450,P2S,NULL
745,450,I,SimBite
10,451,I,SimBite
51,451,I,SimBite
96,451,I,SimBite
1164,451.923315574355,S,NULL
1224,451.10652193332,S,NULL
1247,451.870671056592,S,NULL
320,451.124151996317,S,NULL
1267,452,I,SimBite
1554,452,I,SimBite
1065,453.553010649979,S,NULL
669,453,I,SimBite
188,454,I,SimBite
259,454.059906605631,S,NULL
509,454,F,NULL
533,454,I,SimBite
1611,454,I,SimBite
728,454,F,NULL
728,455,P,NULL
2505,456.832415862496,S,NULL
929,456.658141665831,S,NULL
300,456,F,NULL
351,456,I,SimBite
470,456,I,SimBite
2058,456.282442620936,S,NULL
1231,457,I,SimBite
2320,457.611079996241,S,NULL
772,457.361278540435,S,NULL
1746,457,I,SimBite
1746,457.901533066539,S,NULL
1763,457,I,SimBite
2395,457.407768137753,S,NULL
2503,458,I,SimBite
1932,458,I,SimBite
1426,458.744789574946,S,NULL
2154,458.013491686203,S,NULL
2480,458.11783482594,S,NULL
1029,459,I,SimBite
2496,459.177758082747,S,NULL
922,460.974024361911,S,NULL
12,460.108621045947,S,NULL
2145,460,I,SimBite
1860,460,I,SimBite
341,461,I,SimBite
1349,461.582987807691,S,NULL
442,461.337453474231,S,NULL
456,461,I,SimBite
802,461,I,SimBite
804,461,I,SimBite
26,462.07876829803,S,NULL
58,462,I,SimBite
1137,462,I,SimBite
471,462,I,SimBite
1554,462,F,NULL
169,463.953779306263,S,NULL
1198,463,I,SimBite
246,463.188193853945,S,NULL
284,463.2752089257,S,NULL
932,464.476913965287,S,NULL
285,464,I,SimBite
533,464,F,NULL
1198,465.509741729782,S,NULL
1252,465,I,SimBite
1471,465.777274741033,S,NULL
533,465,P,NULL
2131,465,I,SimBite
1637,465.190923600438,S,NULL
2448,465,I,SimBite
88,466,I,SimBite
2001,466,P2S,NULL
470,466,F,NULL
1480,466.663131196939,S,NULL
1772,466,I,SimBite
816,466,I,SimBite
1340,467,I,SimBite
456,467.637939159409,S,NULL
2503,468,F,NULL
8,468,I,SimBite
1066,468.405876485506,S,NULL
112,468,I,SimBite
1641,468,I,SimBite
2315,468.158640159254,S,NULL
2503,469,P,NULL
2514,469,I,SimBite
1076,469,I,SimBite
2300,469,I,SimBite
2387,469,I,SimBite
184,470,I,SimBite
1483,470,I,SimBite
2339,470.137552710997,S,NULL
297,471,I,SimBite
1338,471,P2S,NULL
2112,471,I,SimBite
640,471,I,SimBite
844,471.308422487229,S,NULL
1815,471.82019023407,S,NULL
1925,472.674817142801,S,NULL
58,472,F,NULL
1141,472.545634774451,S,NULL
1326,472,I,SimBite
471,472,F,NULL
789,472.64582034573,S,NULL
1798,472,I,SimBite
2447,472,I,SimBite
1015,473,I,SimBite
58,473,P,NULL
1294,473,I,SimBite
535,473.511814065188,S,NULL
1595,473.890076677423,S,NULL
1108,474,I,SimBite
143,474,I,SimBite
1473,474.241616404595,S,NULL
1934,475.578153194212,S,NULL
2500,476,I,SimBite
993,476.499524314828,S,NULL
1076,476.566876523197,S,NULL
1264,476,I,SimBite
1772,476,F,NULL
802,476.344539564103,S,NULL
816,476,F,NULL
57,477.428067582867,S,NULL
1294,477.112770906093,S,NULL
2111,477.779432300478,S,NULL
691,477,I,SimBite
2504,478.175672646612,S,NULL
8,478,F,NULL
100,478,I,SimBite
1219,478,I,SimBite
300,478.308001630008,S,NULL
1647,478.532483577728,S,NULL
1194,479,I,SimBite
1571,479,I,SimBite
2266,479,I,SimBite
1788,479,I,SimBite
998,480,I,SimBite
1988,480,I,SimBite
1011,480,I,SimBite
33,480.634743129399,S,NULL
1217,480.362726088613,S,NULL
1483,480,F,NULL
2145,480.008596684784,S,NULL
99,481,I,SimBite
2019,481.481229006293,S,NULL
2263,481,I,SimBite
2392,481.626107748598,S,NULL
989,482,I,SimBite
1711,482.265643227845,S,NULL
858,482,I,SimBite
1219,483.317771283324,S,NULL
1327,483.918069396168,S,NULL
398,483.961833696812,S,NULL
1526,483,I,SimBite
1244,484.993713708966,S,NULL
1447,484.68153400712,S,NULL
1821,484,I,SimBite
1145,485,I,SimBite
1391,485.577332628851,S,NULL
1438,485.104606814682,S,NULL
1455,485.060918075379,S,NULL
728,485,P2S,NULL
784,485,I,SimBite
1229,486,I,SimBite
1577,486.416896450736,S,NULL
2236,486,I,SimBite
679,486,I,SimBite
721,486,I,SimBite
2327,486,I,SimBite
781,487,I,SimBite
316,488.051744251492,S,NULL
2175,488.192871704698,S,NULL
2270,488,I,SimBite
1682,488,I,SimBite
4,489,I,SimBite
1663,489.624721897913,S,NULL
1139,490,I,SimBite
351,490.895018767565,S,NULL
1515,490,I,SimBite
2263,491.800783894956,S,NULL
1215,492,I,SimBite
306,492,I,SimBite
529,492.290044551199,S,NULL
1603,492.13581130462,S,NULL
816,492.167835853994,S,NULL
2530,493,I,SimBite
2024,493.221938000707,S,NULL
1641,493.288715401542,S,NULL
1956,494,I,SimBite
1005,494,I,SimBite
1356,494,I,SimBite
640,494.007449632962,S,NULL
855,494,I,SimBite
1405,495,I,SimBite
2046,495,I,SimBite
533,495,P2S,NULL
2275,495,I,SimBite
982,496,I,SimBite
2071,496.00324743891,S,NULL
1573,496,I,SimBite
330,497.346839658896,S,NULL
1465,497.646055556229,S,NULL
2371,498.05501024425,S,NULL
2473,498,I,SimBite
2503,499,P2S,NULL
8,499.248604627619,S,NULL
1013,499,I,SimBite
251,499,I,SimBite
1390,499,I,SimBite
989,500.20258423686,S,NULL
1030,500,I,SimBite
282,500.939097031,S,NULL
304,500,I,SimBite
719,500,I,SimBite
899,500,I,SimBite
1911,501,I,SimBite
188,501.071158047765,S,NULL
1342,501,I,SimBite
1606,501.162667174764,S,NULL
1611,501.155523393303,S,NULL
737,501,I,SimBite
1478,502,I,SimBite
745,502.072025209969,S,NULL
852,502,I,SimBite
2530,503,F,NULL
58,503,P2S,NULL
100,503.720176938921,S,NULL
188,503,I,SimBite
1757,503.258440016749,S,NULL
902,503,I,SimBite
930,504,I,SimBite
2530,504,P,NULL
1957,504.752766051316,S,NULL
2016,504,I,SimBite
2375,504.060369139904,S,NULL
1031,505.898184793334,S,NULL
1376,505,I,SimBite
746,505,I,SimBite
1339,506.270040644293,S,NULL
1698,506.075517049971,S,NULL
2476,506.788425494857,S,NULL
464,507.927295167871,S,NULL
699,507,I,SimBite
259,508,I,SimBite
1350,508,I,SimBite
2019,508,I,SimBite
2122,508,I,SimBite
1578,508,I,SimBite
2573,509.166026858573,S,NULL
1123,509,I,SimBite
184,509.815852884203,S,NULL
1658,509,I,SimBite
1850,509,I,SimBite
2527,510,I,SimBite
719,510,F,NULL
1911,511,F,NULL
218,511.643479973078,S,NULL
2106,511,I,SimBite
663,511,I,SimBite
2342,511.247839380927,S,NULL
462,512,I,SimBite
2118,512,I,SimBite
1877,512,I,SimBite
308,513.241081667259,S,NULL
1486,513.216288369446,S,NULL
2175,513,I,SimBite
2313,513,I,SimBite
921,514,I,SimBite
1391,514,I,SimBite
2233,514.931684157419,S,NULL
691,514.023986037821,S,NULL
2275,514.106658950645,S,NULL
2402,514,I,SimBite
1212,515,I,SimBite
372,515,I,SimBite
1011,517.820096500218,S,NULL
2106,517.800507474691,S,NULL
699,517,F,NULL
711,517.675349069621,S,NULL
1714,517,I,SimBite
1120,518,I,SimBite
190,518,I,SimBite
1530,518,I,SimBite
2155,518,I,SimBite
714,518,I,SimBite
936,519,I,SimBite
1145,519.981016814709,S,NULL
2011,519,I,SimBite
1533,519,I,SimBite
20,520.644729223592,S,NULL
43,520.0880762397,S,NULL
342,520.698080158773,S,NULL
1777,520.292420825901,S,NULL
663,521,F,NULL
2264,521,I,SimBite
60,522,I,SimBite
663,522,P,NULL
1704,522.576458026595,S,NULL
850,522,I,SimBite
1121,523,I,SimBite
334,523,I,SimBite
399,523.648893221262,S,NULL
921,524,F,NULL
37,524,I,SimBite
1463,524,I,SimBite
1628,524,I,SimBite
1922,525,I,SimBite
187,525,I,SimBite
1462,525,I,SimBite
2273,525,I,SimBite
265,526,I,SimBite
1396,526.324866289754,S,NULL
405,526.324974399229,S,NULL
2032,526,I,SimBite
669,526.0355189449,S,NULL
737,526.861252844334,S,NULL
243,527.486711404266,S,NULL
1390,527.242227827726,S,NULL
2349,527.499365498252,S,NULL
1753,527.842692990728,S,NULL
1776,527.509522486305,S,NULL
2527,528.449777923524,S,NULL
1530,528,F,NULL
1554,528.286560017616,S,NULL
1217,529,I,SimBite
510,529.651465614266,S,NULL
1530,529,P,NULL
16,530.995968190913,S,NULL
1108,530.799866459093,S,NULL
2026,530,I,SimBite
2447,530.36510611698,S,NULL
2455,530,I,SimBite
1235,531.156962878147,S,NULL
565,531,I,SimBite
883,531,I,SimBite
1852,531.475471548736,S,NULL
14,532,I,SimBite
2007,532.273173404818,S,NULL
2143,532,I,SimBite
721,532.637152960104,S,NULL
850,532,F,NULL
1940,533,I,SimBite
1313,533,I,SimBite
728,533,I,SimBite
2530,534,P2S,NULL
1379,535.342251479626,S,NULL
832,535.770017562394,S,NULL
232,536,I,SimBite
1680,536,I,SimBite
1773,536,I,SimBite
808,536,I,SimBite
1806,536,I,SimBite
190,537.051371049136,S,NULL
1355,537,I,SimBite
39,538,I,SimBite
538,538,I,SimBite
2157,538.134423388128,S,NULL
823,538,I,SimBite
921,539.682749544445,S,NULL
1263,539,I,SimBite
559,539,I,SimBite
860,539,I,SimBite
1342,540.002482686192,S,NULL
532,540,I,SimBite
1571,540.741845177374,S,NULL
521,541.513081548696,S,NULL
575,541,I,SimBite
883,541,F,NULL
463,542,I,SimBite
463,542.174780376256,S,NULL
1697,542,I,SimBite
883,542,P,NULL
913,542,I,SimBite
938,543,I,SimBite
68,543,I,SimBite
432,543,I,SimBite
2017,543.986914185767,S,NULL
1490,543.964472568574,S,NULL
1506,543.467833449073,S,NULL
2123,543,I,SimBite
555,543,I,SimBite
623,543,I,SimBite
913,543.511763058976,S,NULL
1011,544,I,SimBite
2012,544,I,SimBite
1462,544.264208246022,S,NULL
2185,544.311913956828,S,NULL
1252,545.790304858238,S,NULL
1253,545,I,SimBite
1437,545.55318241281,S,NULL
736,545,I,SimBite
741,545,I,SimBite
1846,545,I,SimBite
1001,546,I,SimBite
232,546,F,NULL
239,546,I,SimBite
460,546,I,SimBite
2348,546,I,SimBite
786,546.9265319556,S,NULL
808,546,F,NULL
888,546.687722369327,S,NULL
1889,546,I,SimBite
2356,547.874967505164,S,NULL
808,547,P,NULL
858,547.555332414806,S,NULL
2,548,I,SimBite
327,548,I,SimBite
1326,548.553591056987,S,NULL
2073,548,I,SimBite
2181,548,I,SimBite
819,548,I,SimBite
432,549.562018766999,S,NULL
1483,549.216937627643,S,NULL
2170,549.809043056312,S,NULL
1610,549,I,SimBite
1149,550,I,SimBite
370,550,I,SimBite
64,551.890124840622,S,NULL
117,551.302291049602,S,NULL
1173,551.678911045575,S,NULL
237,551,I,SimBite
2372,551,I,SimBite
1012,552.373520821333,S,NULL
1629,552,I,SimBite
663,552,P2S,NULL
2326,552,I,SimBite
10,553.102630864829,S,NULL
151,553,I,SimBite
430,553,I,SimBite
1273,554,I,SimBite
1253,555,F,NULL
370,555.597703397111,S,NULL
236,556.005998440087,S,NULL
262,556,I,SimBite
1253,556,P,NULL
582,556,I,SimBite
1741,556,I,SimBite
847,556,I,SimBite
1889,556,F,NULL
37,557.288252683987,S,NULL
2080,557,I,SimBite
1574,557,I,SimBite
2240,557.951408178016,S,NULL
667,557,I,SimBite
1889,557,P,NULL
2,558,F,NULL
168,558,I,SimBite
1353,558,I,SimBite
1448,558.542904336877,S,NULL
2073,558,F,NULL
2114,558,I,SimBite
1697,558.77853972319,S,NULL
2,559,P,NULL
1215,559.696302942932,S,NULL
1337,559.275133422556,S,NULL
1390,559,I,SimBite
1530,559,P2S,NULL
736,559.539445317909,S,NULL
2409,559.830846159699,S,NULL
852,559.961947255694,S,NULL
535,560,I,SimBite
2181,560.89818584919,S,NULL
2435,560.612269368857,S,NULL
1005,561.53185717389,S,NULL
237,561,F,NULL
262,561.216756715,S,NULL
1863,561,I,SimBite
1982,562.990984185579,S,NULL
437,562.920497993343,S,NULL
2087,562.857076265751,S,NULL
1629,562,F,NULL
4,563.180599802234,S,NULL
1236,563,I,SimBite
1440,563,I,SimBite
2176,563,I,SimBite
1590,563,I,SimBite
641,563.579972445014,S,NULL
1629,563,P,NULL
1771,563,I,SimBite
938,564.532743876199,S,NULL
1009,564,I,SimBite
1237,564,I,SimBite
1322,564,I,SimBite
401,564,I,SimBite
2051,564,I,SimBite
2349,564,I,SimBite
164,565,I,SimBite
551,565.085520860381,S,NULL
671,565.134726864007,S,NULL
741,565.863921666096,S,NULL
1714,565.158267815794,S,NULL
849,565,I,SimBite
1820,565.215819767656,S,NULL
1929,566,I,SimBite
259,566.197544660414,S,NULL
503,566,I,SimBite
2212,566,I,SimBite
721,566,I,SimBite
847,566,F,NULL
1968,567.994017527869,S,NULL
847,567.312374294621,S,NULL
1131,568,I,SimBite
770,568,I,SimBite
1159,569,I,SimBite
2062,569,I,SimBite
1682,569.575586088002,S,NULL
1192,570,I,SimBite
1534,570,I,SimBite
2222,570,I,SimBite
982,571.907865725458,S,NULL
1002,571,I,SimBite
1643,571,I,SimBite
736,571,I,SimBite
1983,572.726004345523,S,NULL
1030,572.832063119859,S,NULL
1756,572,I,SimBite
883,572,P2S,NULL
374,573,I,SimBite
1394,573,I,SimBite
2403,573,I,SimBite
1896,573.527113265338,S,NULL
1098,575,I,SimBite
1137,575.529124669731,S,NULL
1165,575,I,SimBite
1199,575.507198280635,S,NULL
238,575,I,SimBite
2175,575.368111183349,S,NULL
1676,575,I,SimBite
944,576.848474515562,S,NULL
1013,576.703309711069,S,NULL
1932,577.979836884886,S,NULL
395,577,I,SimBite
401,577.847228962183,S,NULL
808,577,P2S,NULL
1015,578.035608448088,S,NULL
1217,578.629114641925,S,NULL
1350,578.317548047751,S,NULL
2228,578,I,SimBite
1800,578,I,SimBite
2454,578,I,SimBite
181,579,I,SimBite
225,579.78877700675,S,NULL
1225,579.130277796629,S,NULL
1321,579,I,SimBite
2016,579.166641548276,S,NULL
1461,579,I,SimBite
2114,579.48681236431,S,NULL
1863,579.717920879852,S,NULL
124,580,I,SimBite
151,580.436341159046,S,NULL
2019,580.730790544301,S,NULL
1534,580,F,NULL
905,580,I,SimBite
1076,581,I,SimBite
1082,581,I,SimBite
1534,581,P,NULL
177,582,I,SimBite
2249,582,I,SimBite
1733,582.816527750263,S,NULL
1799,582,I,SimBite
135,583,I,SimBite
1171,583,I,SimBite
302,583.568695153961,S,NULL
2381,583.72038154954,S,NULL
1882,583,I,SimBite
1089,584.900207317414,S,NULL
149,584,I,SimBite
1371,584,I,SimBite
1646,584,I,SimBite
2290,584,I,SimBite
861,584,I,SimBite
1929,585.01157097891,S,NULL
105,585,I,SimBite
118,585,I,SimBite
1139,585.075306575745,S,NULL
1266,585,I,SimBite
1642,585,I,SimBite
1859,585.698875291233,S,NULL
1253,586,P2S,NULL
2367,586,I,SimBite
435,587,I,SimBite
1889,587,P2S,NULL
1119,588.404174818637,S,NULL
555,588.468582678586,S,NULL
2382,588.524781583788,S,NULL
2,589,P2S,NULL
88,589.229949688461,S,NULL
918,589.772491736298,S,NULL
2509,590,I,SimBite
1263,590.971895972439,S,NULL
305,590,I,SimBite
367,590,I,SimBite
2198,590,I,SimBite
2467,590,I,SimBite
905,590,F,NULL
1964,591.28657419869,S,NULL
1186,591,I,SimBite
2448,591.2401888147,S,NULL
1526,592.00331903249,S,NULL
1565,592,I,SimBite
1857,592,I,SimBite
1010,593,I,SimBite
1629,593,P2S,NULL
1857,593.201868716037,S,NULL
1860,593.352839201689,S,NULL
2520,594,I,SimBite
1946,594.248972548132,S,NULL
1369,594.149692152808,S,NULL
902,594.911088675261,S,NULL
941,595,I,SimBite
1518,595,I,SimBite
1675,595,I,SimBite
2333,595,I,SimBite
2518,596.653609214311,S,NULL
2004,596,I,SimBite
2233,596,I,SimBite
1678,596.321725179381,S,NULL
903,596.159196151381,S,NULL
1929,597,I,SimBite
214,597,I,SimBite
236,597,I,SimBite
1771,597.160308163244,S,NULL
112,598.789237655699,S,NULL
1726,598,I,SimBite
211,599.920640579405,S,NULL
1298,599,I,SimBite
487,599,I,SimBite
693,599.215579942245,S,NULL
2509,600,F,NULL
994,600,I,SimBite
565,600.966111524482,S,NULL
1799,600.485431251212,S,NULL
2509,601,P,NULL
1174,601,I,SimBite
345,601.617859018927,S,NULL
432,601,I,SimBite
1787,601.982193185928,S,NULL
2568,602,I,SimBite
191,602.211855013795,S,NULL
1281,602,I,SimBite
676,602,I,SimBite
811,602.72694284686,S,NULL
1806,602.872032172978,S,NULL
1811,602.862840471749,S,NULL
164,603.466038648039,S,NULL
1669,603.538695979776,S,NULL
994,604.824466120852,S,NULL
1282,604,I,SimBite
1298,604.212111305445,S,NULL
462,604.734336294234,S,NULL
557,604.27286517525,S,NULL
362,605.882731495385,S,NULL
2070,605.675473197343,S,NULL
2291,605.372776670342,S,NULL
788,605,I,SimBite
1010,606.318378292024,S,NULL
1125,606,I,SimBite
1165,606.874382925392,S,NULL
2083,606,I,SimBite
1703,606.868672807465,S,NULL
1929,607,F,NULL
1574,607.099691311073,S,NULL
1929,608,P,NULL
1161,608,I,SimBite
2086,608.090499816423,S,NULL
1148,609,I,SimBite
357,609,I,SimBite
1592,609,I,SimBite
48,610.39103297699,S,NULL
177,610.027264546897,S,NULL
2233,610.21644538641,S,NULL
746,610.810501240194,S,NULL
748,610,I,SimBite
760,610,I,SimBite
2450,610.333403358584,S,NULL
312,611.424173152986,S,NULL
1534,611,P2S,NULL
1534,611,I,SimBite
1394,612.591646578242,S,NULL
498,612.373478449681,S,NULL
2321,612,I,SimBite
2372,612.966570653021,S,NULL
797,612,I,SimBite
1120,613.15462834388,S,NULL
229,613,I,SimBite
1246,613,I,SimBite
2413,613,I,SimBite
1186,614.235932551324,S,NULL
1228,615.459653547945,S,NULL
1307,615,I,SimBite
416,615.978538817706,S,NULL
1077,616,I,SimBite
714,616.066887818277,S,NULL
775,616.627974774609,S,NULL
143,617.583255811575,S,NULL
1143,617,I,SimBite
1171,617.544959198684,S,NULL
200,617.859657130184,S,NULL
1331,617.338613017442,S,NULL
1083,618.708445502405,S,NULL
248,618,I,SimBite
788,618.932880200446,S,NULL
1592,619,F,NULL
2228,619.044354338839,S,NULL
1932,620,I,SimBite
141,620,I,SimBite
239,620.96472876519,S,NULL
367,620.48473234944,S,NULL
412,620,I,SimBite
1592,620,P,NULL
1877,620.151726704091,S,NULL
2036,621.152887373211,S,NULL
1439,621,I,SimBite
651,621,I,SimBite
743,621,I,SimBite
242,622,I,SimBite
1217,622,I,SimBite
1342,622,I,SimBite
389,622.441738154659,S,NULL
1525,622,I,SimBite
600,622.841347660415,S,NULL
1680,622.453515595307,S,NULL
1072,623.254792242291,S,NULL
229,623,F,NULL
408,623.130167840009,S,NULL
502,623.776316751666,S,NULL
229,624,P,NULL
1642,624.393491477949,S,NULL
2297,624.485020352488,S,NULL
748,624.714759495109,S,NULL
2412,624,I,SimBite
183,625.349130115452,S,NULL
2294,625,I,SimBite
1804,625.582867442308,S,NULL
2435,625,I,SimBite
1077,626,F,NULL
96,626.649177014506,S,NULL
407,626,I,SimBite
2196,626.612130797448,S,NULL
1942,627,I,SimBite
1077,627,P,NULL
232,627.432700119913,S,NULL
2318,627.641965849285,S,NULL
2516,628,I,SimBite
179,628.859332292321,S,NULL
2061,628,I,SimBite
561,628,I,SimBite
570,628,I,SimBite
853,628,I,SimBite
187,629.845332261175,S,NULL
2255,629.37788773978,S,NULL
1726,629.383988261223,S,NULL
854,629.935654661991,S,NULL
1,630,I,SimBite
16,630,I,SimBite
1067,630,I,SimBite
486,630,I,SimBite
1736,630,I,SimBite
865,630,I,SimBite
1841,630,I,SimBite
2454,630.247923891991,S,NULL
2509,631,P2S,NULL
10,631,I,SimBite
1231,631.081095299664,S,NULL
1439,631,F,NULL
2170,631,I,SimBite
2282,631.779234130807,S,NULL
2327,631.809169105234,S,NULL
2484,631,I,SimBite
17,632,I,SimBite
452,632,I,SimBite
1439,632,P,NULL
481,632,I,SimBite
781,632.111264168648,S,NULL
2402,632.734642956406,S,NULL
1912,633.257284937387,S,NULL
292,633,I,SimBite
1323,633.966955860086,S,NULL
2004,633.499307841063,S,NULL
448,634,I,SimBite
2198,634.0669009462,S,NULL
2516,635.528619314386,S,NULL
2567,635,I,SimBite
1962,635.134927026233,S,NULL
1083,635,I,SimBite
1099,635.403180088768,S,NULL
2069,635,I,SimBite
2183,635,I,SimBite
1646,635.018032945475,S,NULL
2413,635.008342109621,S,NULL
1962,636,I,SimBite
1461,636.262866199017,S,NULL
330,637,I,SimBite
2093,637.759181356969,S,NULL
1929,638,P2S,NULL
1282,638.017829360099,S,NULL
1401,638,I,SimBite
2012,638.567280821502,S,NULL
2061,638,F,NULL
357,639.842810124159,S,NULL
1703,639,I,SimBite
9,640,I,SimBite
1004,640.88290816248,S,NULL
16,640,F,NULL
2105,640,I,SimBite
2308,640.402040241433,S,NULL
1841,640,F,NULL
960,641,I,SimBite
262,641,I,SimBite
1411,641,I,SimBite
503,641.295099802315,S,NULL
2244,641.818031360335,S,NULL
1674,641,I,SimBite
1841,641,P,NULL
801,642.833928419237,S,NULL
85,643,I,SimBite
1360,643.426358666191,S,NULL
452,643.196394637342,S,NULL
1540,643,I,SimBite
118,644.406978450716,S,NULL
1122,644.225487690972,S,NULL
448,644,F,NULL
1470,644.925082934981,S,NULL
1773,644.014165192358,S,NULL
448,645,P,NULL
590,645,I,SimBite
1788,645.13919789994,S,NULL
934,646,I,SimBite
1962,646,F,NULL
183,646,I,SimBite
1962,647,P,NULL
16,647.911795318889,S,NULL
1486,647,I,SimBite
1518,647.037187293172,S,NULL
2413,647,I,SimBite
2268,648,I,SimBite
2380,648,I,SimBite
965,649,I,SimBite
185,649,I,SimBite
1278,649,I,SimBite
395,649.171232104301,S,NULL
550,649,I,SimBite
2260,649.724631181898,S,NULL
721,649.555348869413,S,NULL
2474,649,I,SimBite
9,650,F,NULL
1556,650,I,SimBite
1592,650,P2S,NULL
1850,650.862703106346,S,NULL
2524,651,I,SimBite
9,651,P,NULL
306,651.426268850781,S,NULL
2174,651,I,SimBite
813,651,I,SimBite
1854,651,I,SimBite
1966,652,I,SimBite
1161,652.126463122666,S,NULL
1352,652,I,SimBite
2023,652,I,SimBite
725,652,I,SimBite
1806,652,I,SimBite
2530,653,I,SimBite
59,653,I,SimBite
1267,653.631956725361,S,NULL
1666,653.161797662206,S,NULL
7,654.449216840749,S,NULL
1002,654.167316671461,S,NULL
229,654,P2S,NULL
334,654.568912044168,S,NULL
2364,654,I,SimBite
1821,654.531287780943,S,NULL
1594,655,I,SimBite
703,655,I,SimBite
771,655,I,SimBite
1168,656,I,SimBite
1077,657,P2S,NULL
1149,657.103608362377,S,NULL
2230,657,I,SimBite
128,658.864375921295,S,NULL
185,658.927859250456,S,NULL
213,658,I,SimBite
452,658,I,SimBite
574,658,I,SimBite
2309,658,I,SimBite
229,659,I,SimBite
1212,659.809288895669,S,NULL
727,659,I,SimBite
728,659.298638153821,S,NULL
1703,659.112533039488,S,NULL
1040,660.77433349644,S,NULL
1283,660,I,SimBite
2020,660,I,SimBite
1631,660,I,SimBite
712,660.843633202796,S,NULL
799,660,I,SimBite
886,660,I,SimBite
2524,661,F,NULL
850,661.910913686451,S,NULL
1854,661,F,NULL
1914,662.561883899651,S,NULL
1966,662,F,NULL
1413,662,I,SimBite
1439,662,P2S,NULL
2237,662,I,SimBite
2255,662,I,SimBite
1752,662.696661970558,S,NULL
2413,662.332726013371,S,NULL
2555,663,I,SimBite
1966,663,P,NULL
1237,663.574850869097,S,NULL
305,663.3826585114,S,NULL
1610,663.367484580725,S,NULL
860,663.155208840966,S,NULL
2005,664,I,SimBite
564,664,I,SimBite
1578,664.858149162474,S,NULL
1767,664.800859536896,S,NULL
1885,664.688704980498,S,NULL
930,665.58581766391,S,NULL
27,665.237110166791,S,NULL
1724,665,I,SimBite
771,665,F,NULL
2396,665,I,SimBite
2486,665,I,SimBite
2399,666,I,SimBite
1264,667.553941733184,S,NULL
1857,667,I,SimBite
935,668,I,SimBite
1703,668,I,SimBite
797,668.048372867092,S,NULL
2401,669,I,SimBite
1863,669,I,SimBite
126,671,I,SimBite
252,671.541510311847,S,NULL
1841,671,P2S,NULL
1168,672.341784181549,S,NULL
1170,672,I,SimBite
1194,672.225545158829,S,NULL
1401,672.508551377803,S,NULL
2037,672.008788863905,S,NULL
2049,672,I,SimBite
2333,672.454454265535,S,NULL
799,672.86128135398,S,NULL
2493,672,I,SimBite
139,673,I,SimBite
1453,673,I,SimBite
817,673.844112682563,S,NULL
265,674.650843641701,S,NULL
574,674.801301203792,S,NULL
905,674.468580093235,S,NULL
17,675.40961156413,S,NULL
129,675,I,SimBite
448,675,P2S,NULL
1866,675,I,SimBite
1922,676.319651856067,S,NULL
1025,676,I,SimBite
1962,677,P2S,NULL
1039,677.759588863621,S,NULL
1064,677,I,SimBite
571,677,I,SimBite
1590,677.754929672927,S,NULL
2223,677,I,SimBite
2255,677.825750026852,S,NULL
2315,677,I,SimBite
935,678,F,NULL
1425,678.466419396882,S,NULL
581,678,I,SimBite
693,678,I,SimBite
250,679.291957096582,S,NULL
437,679,I,SimBite
657,679,I,SimBite
2552,680,I,SimBite
1574,680,I,SimBite
2294,680.03257264138,S,NULL
2354,680,I,SimBite
9,681,P2S,NULL
2063,681.387180056343,S,NULL
2417,681,I,SimBite
1278,682.089913520962,S,NULL
2012,682,I,SimBite
458,682,I,SimBite
1520,682,I,SimBite
1622,682,I,SimBite
1001,683.269487511367,S,NULL
1098,683.767456654459,S,NULL
2450,683,I,SimBite
2520,684.15634721145,S,NULL
1134,684,I,SimBite
1234,684,I,SimBite
1382,684,I,SimBite
727,684.344815570861,S,NULL
1763,684.058240033386,S,NULL
2555,685.629869077355,S,NULL
140,685,I,SimBite
1139,685,I,SimBite
1398,685.528562636751,S,NULL
402,685,I,SimBite
1497,685.907595556621,S,NULL
2230,685.936063218862,S,NULL
2231,685,I,SimBite
756,685,I,SimBite
1983,686,I,SimBite
1164,686,I,SimBite
1215,686,I,SimBite
1215,686.874725542963,S,NULL
1369,686,I,SimBite
1781,686,I,SimBite
1126,687,I,SimBite
1749,687.941975844984,S,NULL
865,687.813237886876,S,NULL
1988,688.637272574082,S,NULL
1126,688.800688169897,S,NULL
1460,688,I,SimBite
1507,688,I,SimBite
1042,689,I,SimBite
181,689.716446489096,S,NULL
2045,689,I,SimBite
2054,689.723070404472,S,NULL
673,689.496623982616,S,NULL
373,690,I,SimBite
2046,690.733854166212,S,NULL
1574,690,F,NULL
1162,691.252889750486,S,NULL
286,691,I,SimBite
908,691,I,SimBite
1,692.520582135767,S,NULL
964,692.570383813152,S,NULL
458,692,F,NULL
1440,692.758315905929,S,NULL
800,692,I,SimBite
1966,693,P2S,NULL
1067,693.509965874255,S,NULL
1382,693.593869559467,S,NULL
458,693,P,NULL
659,693,I,SimBite
2381,693,I,SimBite
1800,693.510105155408,S,NULL
2528,694,I,SimBite
2533,694,I,SimBite
1574,694.313477836549,S,NULL
1872,694,I,SimBite
2520,695,I,SimBite
1017,695,I,SimBite
2011,695.43700557852,S,NULL
736,695.898743629456,S,NULL
2401,695.060411539248,S,NULL
1898,695.43346211124,S,NULL
154,696,I,SimBite
1164,696,F,NULL
1231,696,I,SimBite
2072,696.368479339366,S,NULL
2231,696.919057555497,S,NULL
1798,696.839373669567,S,NULL
1854,696.572595793332,S,NULL
1056,697.2127315169,S,NULL
139,697.413428362459,S,NULL
1164,697,P,NULL
1198,697,I,SimBite
374,697.274736084044,S,NULL
2170,697.833335068077,S,NULL
2429,697,I,SimBite
1388,698,I,SimBite
2068,698.253091043773,S,NULL
1622,698.449465788901,S,NULL
2480,698,I,SimBite
2524,699.854663129896,S,NULL
2045,699,F,NULL
2348,699.844280160012,S,NULL
1679,700,I,SimBite
725,700.50505649346,S,NULL
1236,701.06551899761,S,NULL
586,701,I,SimBite
1836,701,I,SimBite
198,702,I,SimBite
1309,702,I,SimBite
568,702,I,SimBite
1594,702.392308805138,S,NULL
1631,702.058267630637,S,NULL
1632,702,I,SimBite
1266,703.934294581413,S,NULL
332,703,I,SimBite
703,703.482677713037,S,NULL
1802,703.62512899745,S,NULL
908,703.69700024277,S,NULL
1058,704,I,SimBite
1170,704.532782704693,S,NULL
2035,704,I,SimBite
1626,704,I,SimBite
769,704,I,SimBite
360,705,I,SimBite
1507,705.435811124526,S,NULL
660,705,I,SimBite
240,706.866783489413,S,NULL
1557,706,I,SimBite
1648,706,I,SimBite
851,706,I,SimBite
1842,706,I,SimBite
1899,706,I,SimBite
1018,707,I,SimBite
689,707,I,SimBite
919,707.167376711013,S,NULL
1025,708.144540175796,S,NULL
51,708.616936034503,S,NULL
1783,708.360054899879,S,NULL
1015,709,I,SimBite
304,709.61139666939,S,NULL
440,709,I,SimBite
1548,709,I,SimBite
1733,709,I,SimBite
49,710.396133212333,S,NULL
1106,710,I,SimBite
372,710.2873269012,S,NULL
1643,710.228856182637,S,NULL
1679,710,F,NULL
892,710,I,SimBite
2280,711,I,SimBite
1679,711.147846174592,S,NULL
777,711,I,SimBite
1836,711,F,NULL
2480,711.825780153275,S,NULL
1934,712,I,SimBite
1983,712.638160940052,S,NULL
68,712.595446048896,S,NULL
188,712.644115894082,S,NULL
1357,712.54667910761,S,NULL
392,712.33967851562,S,NULL
2286,712,I,SimBite
756,712.640595120623,S,NULL
1854,712,I,SimBite
1994,713,I,SimBite
1082,713.33347563073,S,NULL
1139,713.069252334535,S,NULL
333,713,I,SimBite
2068,713,I,SimBite
503,713,I,SimBite
639,713,I,SimBite
793,713,I,SimBite
899,713.564766189995,S,NULL
332,714.620041262358,S,NULL
2273,714.141875869575,S,NULL
2263,715,I,SimBite
1265,716,I,SimBite
1335,716,I,SimBite
1352,716.675805903971,S,NULL
1557,716,F,NULL
1635,716,I,SimBite
1842,716,F,NULL
1557,717,P,NULL
1677,717,I,SimBite
824,717,I,SimBite
2007,718,I,SimBite
2090,718,I,SimBite
586,718.92730782181,S,NULL
1724,718.094203987604,S,NULL
1816,718.566102003265,S,NULL
1478,719.03649534935,S,NULL
2316,719,I,SimBite
795,719,I,SimBite
1773,719,I,SimBite
904,719.844726441388,S,NULL
1174,720.432730786502,S,NULL
2088,720,I,SimBite
892,720,F,NULL
186,721.093676460867,S,NULL
294,721,I,SimBite
2280,721,F,NULL
2329,721.207102803474,S,NULL
892,721,P,NULL
972,722.477812279887,S,NULL
469,722,I,SimBite
2053,722,I,SimBite
1445,722,I,SimBite
2114,722,I,SimBite
2217,722,I,SimBite
2280,722,P,NULL
1854,722,F,NULL
1885,722,I,SimBite
208,723.211551093543,S,NULL
1346,723,I,SimBite
458,723,P2S,NULL
2104,723,I,SimBite
793,723,F,NULL
1854,723,P,NULL
1995,724,I,SimBite
1265,724.729464374483,S,NULL
1313,724.546848845694,S,NULL
2199,724,I,SimBite
784,724.931529193165,S,NULL
1151,725,I,SimBite
2155,725.67885743175,S,NULL
822,725,I,SimBite
1520,726.261169029699,S,NULL
778,726,I,SimBite
1922,727,I,SimBite
2567,727.762632574886,S,NULL
154,727.768385507166,S,NULL
1164,727,P2S,NULL
279,727,I,SimBite
2073,727.774203143063,S,NULL
2143,727.038424297258,S,NULL
1190,729,I,SimBite
481,729.866220679134,S,NULL
486,729.778872508394,S,NULL
695,729,I,SimBite
565,730,I,SimBite
2270,730.816619884325,S,NULL
2286,730.613949431269,S,NULL
294,731,F,NULL
341,731.683932854774,S,NULL
1355,731.019758320394,S,NULL
2348,731,I,SimBite
1781,731.508610736579,S,NULL
2421,731,I,SimBite
1849,731,I,SimBite
2473,731.457267648521,S,NULL
1143,732.636615082622,S,NULL
1396,732,I,SimBite
2090,732.025266002864,S,NULL
1707,732,I,SimBite
292,733.621996913105,S,NULL
2049,733.005683246272,S,NULL
2104,733,F,NULL
1586,733,I,SimBite
2199,733.385163336992,S,NULL
760,733.681388702244,S,NULL
2387,733.517530417981,S,NULL
2104,734,P,NULL
1788,734,I,SimBite
898,734,I,SimBite
1872,734.661584399641,S,NULL
2069,735.170246977359,S,NULL
2112,735.239650025013,S,NULL
2444,735,I,SimBite
1875,735,I,SimBite
127,736,I,SimBite
1114,736,I,SimBite
460,736.936644158567,S,NULL
2062,736.315875357928,S,NULL
785,736,I,SimBite
1831,736,I,SimBite
931,737,I,SimBite
2527,737,I,SimBite
965,737.451808411628,S,NULL
1000,737,I,SimBite
60,737.370487064012,S,NULL
602,737,I,SimBite
1663,737,I,SimBite
1677,737.301347319037,S,NULL
534,738.634251541726,S,NULL
800,738.024394687265,S,NULL
2516,739,I,SimBite
2566,739,I,SimBite
1110,739,I,SimBite
1234,739.416402406991,S,NULL
2197,739,I,SimBite
841,739,I,SimBite
2429,739.499191593379,S,NULL
377,740,I,SimBite
2053,740.989611510187,S,NULL
2313,740.423741660061,S,NULL
813,740.194044284523,S,NULL
963,741,I,SimBite
2554,741,I,SimBite
1123,741.432753584328,S,NULL
178,741,I,SimBite
308,741,I,SimBite
1384,741.249254642965,S,NULL
819,741.031898922482,S,NULL
384,742,I,SimBite
1615,742,I,SimBite
2266,742.331501363757,S,NULL
2321,742.721847619861,S,NULL
19,743,I,SimBite
201,743,I,SimBite
326,743,I,SimBite
706,743,I,SimBite
719,743.25305315757,S,NULL
989,744,I,SimBite
1342,744.488981578499,S,NULL
795,744.302610266954,S,NULL
1899,744.350895059476,S,NULL
1148,745.79356072098,S,NULL
2558,746,I,SimBite
1231,746.624304854801,S,NULL
446,746,I,SimBite
2213,746,I,SimBite
2276,746,I,SimBite
1000,747.978568997234,S,NULL
1134,747.656757120043,S,NULL
2131,747.116925333668,S,NULL
1557,747,P2S,NULL
602,747,F,NULL
1849,747.877335589379,S,NULL
2088,748.668893780559,S,NULL
2201,748.35035487629,S,NULL
628,748,I,SimBite
2214,748,I,SimBite
2223,748.944761928171,S,NULL
777,748.163069099188,S,NULL
2357,749,I,SimBite
