humanID,time,state0,state1,location
1,0.0,S,S,0
7,0.0,S,S,0
8,0.0,S,S,0
9,0.0,S,S,0
15,0.0,S,S,0
16,0.0,S,S,0
19,0.0,S,S,0
21,0.0,S,S,0
23,0.0,S,S,0
25,0.0,S,S,0
26,0.0,S,S,0
27,0.0,S,S,0
29,0.0,S,S,0
33,0.0,S,S,0
36,0.0,S,S,0
37,0.0,S,S,0
39,0.0,S,S,0
41,0.0,S,S,0
42,0.0,S,S,0
44,0.0,S,S,0
45,0.0,S,S,0
47,0.0,S,S,0
48,0.0,S,S,0
50,0.0,S,S,0
53,0.0,S,S,0
57,0.0,S,S,0
59,0.0,S,S,0
61,0.0,S,S,0
63,0.0,S,S,0
64,0.0,S,S,0
65,0.0,S,S,0
68,0.0,S,S,0
69,0.0,S,S,0
77,0.0,S,S,0
78,0.0,S,S,0
79,0.0,S,S,0
81,0.0,S,S,0
85,0.0,S,S,0
86,0.0,S,S,0
87,0.0,S,S,0
90,0.0,S,S,0
96,0.0,S,S,0
98,0.0,S,S,0
102,0.0,S,S,1
104,0.0,S,S,1
105,0.0,S,S,1
108,0.0,S,S,1
110,0.0,S,S,1
113,0.0,S,S,1
114,0.0,S,S,1
116,0.0,S,S,1
117,0.0,S,S,1
120,0.0,S,S,1
121,0.0,S,S,1
124,0.0,S,S,1
125,0.0,S,S,1
126,0.0,S,S,1
128,0.0,S,S,1
129,0.0,S,S,1
131,0.0,S,S,1
132,0.0,S,S,1
133,0.0,S,S,1
136,0.0,S,S,1
137,0.0,S,S,1
139,0.0,S,S,1
142,0.0,S,S,1
146,0.0,S,S,1
147,0.0,S,S,1
148,0.0,S,S,1
151,0.0,S,S,1
152,0.0,S,S,1
155,0.0,S,S,1
158,0.0,S,S,1
167,0.0,S,S,1
169,0.0,S,S,1
170,0.0,S,S,1
171,0.0,S,S,1
172,0.0,S,S,1
173,0.0,S,S,1
174,0.0,S,S,1
176,0.0,S,S,1
179,0.0,S,S,1
181,0.0,S,S,1
183,0.0,S,S,1
187,0.0,S,S,1
188,0.0,S,S,1
189,0.0,S,S,1
191,0.0,S,S,1
195,0.0,S,S,1
196,0.0,S,S,1
198,0.0,S,S,1
199,0.0,S,S,1
202,0.0,S,S,2
203,0.0,S,S,2
204,0.0,S,S,2
206,0.0,S,S,2
207,0.0,S,S,2
213,0.0,S,S,2
215,0.0,S,S,2
216,0.0,S,S,2
217,0.0,S,S,2
218,0.0,S,S,2
223,0.0,S,S,2
224,0.0,S,S,2
226,0.0,S,S,2
232,0.0,S,S,2
233,0.0,S,S,2
235,0.0,S,S,2
236,0.0,S,S,2
237,0.0,S,S,2
238,0.0,S,S,2
241,0.0,S,S,2
243,0.0,S,S,2
244,0.0,S,S,2
250,0.0,S,S,2
253,0.0,S,S,2
254,0.0,S,S,2
255,0.0,S,S,2
260,0.0,S,S,2
262,0.0,S,S,2
263,0.0,S,S,2
267,0.0,S,S,2
268,0.0,S,S,2
269,0.0,S,S,2
274,0.0,S,S,2
275,0.0,S,S,2
277,0.0,S,S,2
278,0.0,S,S,2
279,0.0,S,S,2
280,0.0,S,S,2
281,0.0,S,S,2
282,0.0,S,S,2
283,0.0,S,S,2
284,0.0,S,S,2
287,0.0,S,S,2
289,0.0,S,S,2
291,0.0,S,S,2
293,0.0,S,S,2
297,0.0,S,S,2
299,0.0,S,S,2
300,0.0,S,S,3
304,0.0,S,S,3
306,0.0,S,S,3
310,0.0,S,S,3
317,0.0,S,S,3
318,0.0,S,S,3
325,0.0,S,S,3
326,0.0,S,S,3
327,0.0,S,S,3
329,0.0,S,S,3
331,0.0,S,S,3
334,0.0,S,S,3
337,0.0,S,S,3
338,0.0,S,S,3
339,0.0,S,S,3
341,0.0,S,S,3
343,0.0,S,S,3
344,0.0,S,S,3
345,0.0,S,S,3
346,0.0,S,S,3
348,0.0,S,S,3
350,0.0,S,S,3
351,0.0,S,S,3
352,0.0,S,S,3
354,0.0,S,S,3
355,0.0,S,S,3
356,0.0,S,S,3
357,0.0,S,S,3
358,0.0,S,S,3
359,0.0,S,S,3
360,0.0,S,S,3
361,0.0,S,S,3
362,0.0,S,S,3
365,0.0,S,S,3
366,0.0,S,S,3
371,0.0,S,S,3
372,0.0,S,S,3
378,0.0,S,S,3
379,0.0,S,S,3
380,0.0,S,S,3
382,0.0,S,S,3
384,0.0,S,S,3
385,0.0,S,S,3
388,0.0,S,S,3
392,0.0,S,S,3
393,0.0,S,S,3
395,0.0,S,S,3
396,0.0,S,S,3
397,0.0,S,S,3
398,0.0,S,S,3
400,0.0,S,S,4
402,0.0,S,S,4
403,0.0,S,S,4
406,0.0,S,S,4
410,0.0,S,S,4
411,0.0,S,S,4
413,0.0,S,S,4
414,0.0,S,S,4
416,0.0,S,S,4
423,0.0,S,S,4
428,0.0,S,S,4
429,0.0,S,S,4
430,0.0,S,S,4
431,0.0,S,S,4
436,0.0,S,S,4
437,0.0,S,S,4
438,0.0,S,S,4
440,0.0,S,S,4
441,0.0,S,S,4
442,0.0,S,S,4
443,0.0,S,S,4
445,0.0,S,S,4
446,0.0,S,S,4
448,0.0,S,S,4
452,0.0,S,S,4
454,0.0,S,S,4
457,0.0,S,S,4
458,0.0,S,S,4
464,0.0,S,S,4
467,0.0,S,S,4
473,0.0,S,S,4
475,0.0,S,S,4
478,0.0,S,S,4
480,0.0,S,S,4
483,0.0,S,S,4
484,0.0,S,S,4
485,0.0,S,S,4
486,0.0,S,S,4
487,0.0,S,S,4
489,0.0,S,S,4
490,0.0,S,S,4
492,0.0,S,S,4
493,0.0,S,S,4
494,0.0,S,S,4
495,0.0,S,S,4
496,0.0,S,S,4
0,0,S,I,0
2,0,S,I,0
3,0,S,I,0
4,0,S,I,0
5,0,S,I,0
6,0,S,I,0
10,0,S,I,0
11,0,S,I,0
12,0,S,I,0
13,0,S,I,0
14,0,S,I,0
17,0,S,I,0
18,0,S,I,0
20,0,S,I,0
22,0,S,I,0
24,0,S,I,0
28,0,S,I,0
30,0,S,I,0
31,0,S,I,0
32,0,S,I,0
34,0,S,I,0
35,0,S,I,0
38,0,S,I,0
40,0,S,I,0
43,0,S,I,0
46,0,S,I,0
49,0,S,I,0
51,0,S,I,0
52,0,S,I,0
54,0,S,I,0
55,0,S,I,0
56,0,S,I,0
58,0,S,I,0
60,0,S,I,0
62,0,S,I,0
66,0,S,I,0
67,0,S,I,0
70,0,S,I,0
71,0,S,I,0
72,0,S,I,0
73,0,S,I,0
74,0,S,I,0
75,0,S,I,0
76,0,S,I,0
80,0,S,I,0
82,0,S,I,0
83,0,S,I,0
84,0,S,I,0
88,0,S,I,0
89,0,S,I,0
91,0,S,I,0
92,0,S,I,0
93,0,S,I,0
94,0,S,I,0
95,0,S,I,0
97,0,S,I,0
99,0,S,I,0
100,0,S,I,1
101,0,S,I,1
103,0,S,I,1
106,0,S,I,1
107,0,S,I,1
109,0,S,I,1
111,0,S,I,1
112,0,S,I,1
115,0,S,I,1
118,0,S,I,1
119,0,S,I,1
122,0,S,I,1
123,0,S,I,1
127,0,S,I,1
130,0,S,I,1
134,0,S,I,1
135,0,S,I,1
138,0,S,I,1
140,0,S,I,1
141,0,S,I,1
143,0,S,I,1
144,0,S,I,1
145,0,S,I,1
149,0,S,I,1
150,0,S,I,1
153,0,S,I,1
154,0,S,I,1
156,0,S,I,1
157,0,S,I,1
159,0,S,I,1
160,0,S,I,1
161,0,S,I,1
162,0,S,I,1
163,0,S,I,1
164,0,S,I,1
165,0,S,I,1
166,0,S,I,1
168,0,S,I,1
175,0,S,I,1
177,0,S,I,1
178,0,S,I,1
180,0,S,I,1
182,0,S,I,1
184,0,S,I,1
185,0,S,I,1
186,0,S,I,1
190,0,S,I,1
192,0,S,I,1
193,0,S,I,1
194,0,S,I,1
197,0,S,I,1
200,0,S,I,2
201,0,S,I,2
205,0,S,I,2
208,0,S,I,2
209,0,S,I,2
210,0,S,I,2
211,0,S,I,2
211,0.154574,I,S,2
212,0,S,I,2
214,0,S,I,2
219,0,S,I,2
220,0,S,I,2
221,0,S,I,2
222,0,S,I,2
225,0,S,I,2
227,0,S,I,2
228,0,S,I,2
229,0,S,I,2
230,0,S,I,2
231,0,S,I,2
234,0,S,I,2
239,0,S,I,2
240,0,S,I,2
242,0,S,I,2
245,0,S,I,2
246,0,S,I,2
247,0,S,I,2
248,0,S,I,2
249,0,S,I,2
249,0.839061,I,S,2
251,0,S,I,2
252,0,S,I,2
252,0.134088,I,S,2
256,0,S,I,2
257,0,S,I,2
258,0,S,I,2
259,0,S,I,2
261,0,S,I,2
264,0,S,I,2
265,0,S,I,2
266,0,S,I,2
270,0,S,I,2
271,0,S,I,2
272,0,S,I,2
273,0,S,I,2
276,0,S,I,2
285,0,S,I,2
286,0,S,I,2
288,0,S,I,2
290,0,S,I,2
292,0,S,I,2
294,0,S,I,2
295,0,S,I,2
296,0,S,I,2
298,0,S,I,2
301,0,S,I,3
302,0,S,I,3
303,0,S,I,3
305,0,S,I,3
307,0,S,I,3
308,0,S,I,3
309,0,S,I,3
311,0,S,I,3
312,0,S,I,3
313,0,S,I,3
314,0,S,I,3
315,0,S,I,3
316,0,S,I,3
319,0,S,I,3
320,0,S,I,3
321,0,S,I,3
322,0,S,I,3
323,0,S,I,3
324,0,S,I,3
328,0,S,I,3
330,0,S,I,3
332,0,S,I,3
333,0,S,I,3
335,0,S,I,3
336,0,S,I,3
340,0,S,I,3
342,0,S,I,3
347,0,S,I,3
349,0,S,I,3
353,0,S,I,3
363,0,S,I,3
364,0,S,I,3
367,0,S,I,3
368,0,S,I,3
369,0,S,I,3
370,0,S,I,3
373,0,S,I,3
374,0,S,I,3
375,0,S,I,3
376,0,S,I,3
377,0,S,I,3
381,0,S,I,3
383,0,S,I,3
386,0,S,I,3
387,0,S,I,3
389,0,S,I,3
390,0,S,I,3
391,0,S,I,3
394,0,S,I,3
399,0,S,I,3
401,0,S,I,4
404,0,S,I,4
405,0,S,I,4
407,0,S,I,4
408,0,S,I,4
409,0,S,I,4
412,0,S,I,4
415,0,S,I,4
417,0,S,I,4
418,0,S,I,4
419,0,S,I,4
420,0,S,I,4
421,0,S,I,4
422,0,S,I,4
424,0,S,I,4
425,0,S,I,4
426,0,S,I,4
427,0,S,I,4
432,0,S,I,4
433,0,S,I,4
434,0,S,I,4
435,0,S,I,4
439,0,S,I,4
444,0,S,I,4
447,0,S,I,4
449,0,S,I,4
450,0,S,I,4
451,0,S,I,4
453,0,S,I,4
455,0,S,I,4
456,0,S,I,4
459,0,S,I,4
460,0,S,I,4
461,0,S,I,4
462,0,S,I,4
463,0,S,I,4
465,0,S,I,4
466,0,S,I,4
468,0,S,I,4
469,0,S,I,4
470,0,S,I,4
471,0,S,I,4
472,0,S,I,4
474,0,S,I,4
476,0,S,I,4
477,0,S,I,4
479,0,S,I,4
481,0,S,I,4
482,0,S,I,4
488,0,S,I,4
491,0,S,I,4
497,0,S,I,4
498,0,S,I,4
499,0,S,I,4
91,2.08557,I,S,0
381,2.8312,I,S,3
433,2.896,I,S,4
180,3.54972,I,S,1
298,3.26257,I,S,2
70,4.72933,I,S,0
95,4.72022,I,S,0
17,5.62711,I,S,0
370,5.33394,I,S,3
3,6.65489,I,S,4
434,6.30244,I,S,2
322,7.58657,I,S,4
407,7.04934,I,S,4
427,7.61079,I,S,4
383,9.87744,I,S,3
0,10,_,F,0
2,10,_,F,1
4,10,_,F,0
5,10,_,F,0
54,10.3324,I,S,0
55,10,_,F,0
60,10,_,F,0
67,10,_,F,0
80,10,_,F,3
92,10,_,F,0
94,10,_,F,0
99,10,_,F,0
101,10,_,F,1
111,10,_,F,1
112,10,_,F,1
118,10,_,F,0
122,10,_,F,1
123,10,_,F,1
127,10,_,F,0
130,10,_,F,1
138,10,_,F,1
141,10,_,F,4
154,10,_,F,1
161,10,_,F,4
163,10,_,F,1
166,10,_,F,1
178,10,_,F,1
185,10,_,F,3
193,10,_,F,1
197,10,_,F,1
208,10,_,F,2
209,10,_,F,2
212,10,_,F,2
214,10,_,F,2
221,10,_,F,2
228,10,_,F,2
230,10,_,F,2
234,10,_,F,2
239,10,_,F,2
245,10,_,F,2
248,10,_,F,2
259,10,_,F,2
266,10,_,F,2
271,10,_,F,2
285,10,_,F,2
290,10,_,F,2
295,10,_,F,2
302,10,_,F,3
315,10,_,F,3
323,10,_,F,3
335,10,_,F,3
342,10,_,F,3
342,10.5974,I,S,3
353,10,_,F,3
363,10,_,F,3
364,10,_,F,3
367,10,_,F,3
368,10,_,F,1
375,10,_,F,3
408,10,_,F,4
415,10,_,F,4
419,10,_,F,1
424,10,_,F,4
439,10,_,F,4
447,10,_,F,4
462,10,_,F,1
463,10,_,F,4
465,10,_,F,4
465,10.4642,I,S,4
468,10,_,F,0
470,10,_,F,1
474,10,_,F,4
481,10,_,F,4
499,10,_,F,0
4,11,I,P,0
55,11,I,P,0
67,11,I,P,0
80,11,I,P,3
94,11,I,P,0
99,11,I,P,0
111,11,I,P,1
112,11,I,P,1
118,11,I,P,0
122,11,I,P,1
123,11,I,P,1
127,11,I,P,0
130,11,I,P,1
141,11,I,P,4
153,11.4921,I,S,1
154,11,I,P,1
163,11,I,P,1
178,11,I,P,4
197,11,I,P,1
208,11,I,P,2
209,11,I,P,2
221,11,I,P,2
230,11,I,P,2
245,11,I,P,2
266,11,I,P,2
285,11,I,P,2
295,11,I,P,2
315,11,I,P,3
342,11,S,P,3
364,11,I,P,3
367,11,I,P,3
415,11,I,P,4
419,11,I,P,1
462,11,I,P,1
465,11,S,P,4
468,11,I,P,4
474,11,I,P,4
156,13.2367,I,S,1
418,13.6248,I,S,1
499,13.1003,I,S,4
14,15.3033,I,S,0
107,16.5337,I,S,1
192,16.6495,I,S,1
234,16.6364,I,S,2
296,16.7647,I,S,2
6,17.5499,I,S,0
227,18.6846,I,S,2
219,21.1905,I,S,2
313,22.8559,I,S,3
471,22.0716,I,S,4
387,23.1289,I,S,3
17,24,S,I,0
151,24,S,I,0
157,24.7329,I,S,1
365,24,S,I,3
393,24,S,I,3
490,24,S,I,4
45,25,S,I,0
224,25,S,I,3
459,25.0928,I,S,4
467,25,S,I,4
492,25,S,I,4
42,26,S,I,0
398,27,S,I,3
436,27,S,I,4
451,27.207,I,S,4
9,28,S,I,0
298,28,S,I,0
345,28,S,I,3
356,28,S,I,3
456,28.9574,I,S,4
85,29,S,I,0
126,29,S,I,1
172,29,S,I,1
195,29,S,I,1
217,29,S,I,2
268,29,S,I,2
283,29,S,I,2
486,29,S,I,4
496,29,S,I,4
41,30,S,I,0
157,30,S,I,1
207,30,S,I,2
274,30,S,I,2
310,30,S,I,3
324,30.7251,I,S,3
339,30,S,I,3
383,30,S,I,3
3,31,S,I,0
88,31.5088,I,S,0
139,31,S,I,1
191,31,S,I,1
278,31,S,I,2
306,31,S,I,3
335,31.782,I,S,3
382,31,S,I,3
128,32,S,I,1
346,32,S,I,3
371,32,S,I,3
392,32,S,I,3
443,32,S,I,4
77,33,S,I,0
237,33,S,I,2
318,33,S,I,3
337,33,S,I,3
398,33.3056,I,S,3
428,33,S,I,1
132,34,S,I,1
267,34,S,I,2
269,34,S,I,2
361,34,S,I,1
490,34,_,F,4
7,35,S,I,0
45,35,_,F,0
50,35,S,I,0
53,35,S,I,0
90,35,S,I,0
108,35,S,I,1
156,35,S,I,1
467,35,_,F,4
472,35.5769,I,S,4
490,35,I,P,4
492,35,_,F,4
15,36,S,I,0
45,36,I,P,0
69,36,S,I,1
102,36,S,I,1
238,36,S,I,2
361,36.3462,I,S,1
398,36,S,I,3
424,36.3876,I,S,4
467,36,I,P,4
40,37.6877,I,S,0
121,37,S,I,1
148,37,S,I,1
357,37,S,I,3
436,37,_,F,4
453,37.1956,I,S,4
6,38,S,I,0
181,38,S,I,1
203,38,S,I,2
244,38,S,I,2
262,38,S,I,2
298,38,_,F,2
299,38,S,I,4
335,38,S,I,3
345,38,_,F,3
422,38.5939,I,S,4
29,39,S,I,0
107,39,S,I,1
126,39,_,F,1
162,39.0738,I,S,1
172,39,_,F,1
217,39,_,F,4
253,39,S,I,2
263,39,S,I,3
268,39,_,F,2
298,39,I,P,2
345,39,I,P,3
446,39,S,I,4
496,39,_,F,4
41,40,_,F,0
97,40.3295,I,S,0
157,40,_,F,1
172,40,I,P,1
176,40,S,I,1
215,40,S,I,2
268,40,I,P,2
310,40,_,F,3
343,40,S,I,3
429,40,S,I,4
485,40,S,I,4
3,41,_,F,0
129,41,S,I,1
180,41,S,I,1
200,41.9784,I,S,3
281,41,S,I,2
310,41,I,P,3
378,41,S,I,2
382,41,_,F,3
387,41,S,I,3
391,41.8434,I,S,0
411,41,S,I,3
444,41.618,I,S,4
456,41,S,I,4
495,41,S,I,4
3,42,I,P,0
44,42,S,I,0
121,42.8665,I,S,3
128,42,_,F,1
149,42.868,I,S,1
162,42,S,I,1
192,42,S,I,1
226,42,S,I,1
236,42,S,I,2
338,42,S,I,3
348,42,S,I,3
382,42,I,P,3
392,42,_,F,3
405,42.8077,I,S,1
443,42,_,F,4
4,43,P,S,2
33,43,S,I,0
48,43,S,I,2
55,43,P,S,0
67,43,P,S,0
80,43,P,S,0
94,43,P,S,0
99,43,P,S,0
111,43,P,S,1
112,43,P,S,1
118,43,P,S,1
122,43,P,S,1
123,43,P,S,1
127,43,P,S,1
130,43,P,S,1
141,43,P,S,2
149,43,S,I,1
154,43,P,S,1
163,43,P,S,1
178,43,P,S,1
197,43,P,S,1
204,43,S,I,2
208,43,P,S,2
209,43,P,S,2
221,43,P,S,2
230,43,P,S,4
245,43,P,S,2
266,43,P,S,2
285,43,P,S,2
287,43,S,I,4
292,43.2667,I,S,2
295,43,P,S,2
315,43,P,S,3
342,43,P,S,3
354,43,S,I,3
364,43,P,S,3
367,43,P,S,3
392,43,I,P,3
415,43,P,S,4
419,43,P,S,4
428,43,_,F,4
441,43,S,I,4
462,43,P,S,4
464,43,S,I,4
465,43,P,S,1
468,43,P,S,0
474,43,P,S,4
487,43,S,I,4
40,44,S,I,0
47,44,S,I,0
79,44,S,I,0
84,44.6523,I,S,0
121,44,S,I,3
215,44.3199,I,S,2
242,44.5697,I,S,3
267,44.6835,I,S,2
315,44,S,I,3
358,44,S,I,3
362,44,S,I,3
410,44,S,I,1
416,44,S,I,4
419,44,S,I,4
428,44,I,P,4
471,44,S,I,3
471,44.0438,I,S,3
493,44,S,I,4
152,45,S,I,1
267,45,S,I,2
380,45,S,I,3
488,45.8707,I,S,4
36,46,S,I,0
87,46,S,I,0
179,46,S,I,1
292,46,S,I,2
317,46,S,I,3
385,46,S,I,3
489,46,S,I,0
72,47.0012,I,S,2
416,47.6834,I,S,4
457,47,S,I,4
460,47.1374,I,S,4
113,48,S,I,1
197,48,S,I,1
203,48,_,F,2
244,48,_,F,4
335,48,_,F,4
351,48,S,I,1
372,48,S,I,1
416,48,S,I,4
423,48,S,I,0
440,48,S,I,4
21,49,S,I,1
22,49.3994,I,S,0
92,49.3807,I,S,4
198,49,S,I,1
220,49.0034,I,S,2
245,49,S,I,1
381,49,S,I,3
391,49,S,I,3
433,49,S,I,4
25,50,S,I,0
76,50.3862,I,S,0
97,50,S,I,0
110,50,S,I,1
136,50,S,I,1
176,50,_,F,3
178,50,S,I,1
184,50.5393,I,S,1
226,50.1159,I,S,2
248,50.5212,I,S,2
323,50.0213,I,S,3
325,50,S,I,3
459,50,S,I,4
484,50,S,I,4
499,50,S,I,4
58,51.3583,I,S,0
176,51,I,P,3
211,51,S,I,2
226,51,S,I,2
241,51,S,I,4
286,51.1359,I,S,2
331,51,S,I,3
344,51,S,I,3
378,51,_,F,3
483,51,S,I,4
44,52,_,F,0
50,52.3634,I,S,0
137,52,S,I,1
236,52,_,F,2
243,52,S,I,2
280,52,S,I,2
338,52,_,F,3
393,52.6909,I,S,3
471,52,S,I,4
472,52,S,I,4
48,53,_,F,0
154,53,S,I,1
170,53,S,I,1
236,53,I,P,2
287,53,_,F,2
322,53,S,I,3
338,53,I,P,3
354,53,_,F,4
441,53,_,F,4
442,53,S,I,2
12,54.7187,I,S,1
40,54,_,F,0
94,54,S,I,0
208,54,S,I,2
320,54.8581,I,S,3
341,54,S,I,3
419,54,_,F,4
441,54,I,P,4
152,55,_,F,1
163,55,S,I,1
215,55,S,I,2
244,55.0229,I,S,2
393,55,S,I,3
413,55,S,I,4
452,55,S,I,4
36,56,_,F,0
37,56,S,I,1
95,56,S,I,0
111,56,S,I,1
118,56,S,I,1
152,56,I,P,1
200,56,S,I,3
213,56,S,I,2
317,56,_,F,4
352,56,S,I,3
422,56,S,I,4
462,56,S,I,4
26,57,S,I,0
61,57,S,I,0
158,57,S,I,1
218,57,S,I,2
224,57.9591,I,S,2
233,57,S,I,2
249,57,S,I,1
277,57,S,I,2
283,57.9023,I,S,2
311,57.8604,I,S,3
388,57,S,I,3
478,57,S,I,4
104,58,S,I,1
117,58,S,I,1
153,58,S,I,2
241,58.4085,I,S,2
334,58,S,I,3
348,58.0667,I,S,3
355,58,S,I,3
379,58,S,I,3
406,58,S,I,4
416,58,_,F,4
14,59,S,I,0
57,59,S,I,0
81,59,S,I,0
124,59,S,I,1
198,59,_,F,1
219,59,S,I,2
221,59,S,I,2
245,59,_,F,2
359,59,S,I,3
381,59,_,F,3
391,59,_,F,3
400,59,S,I,4
78,60,S,I,0
97,60,_,F,1
136,60,_,F,1
245,60,I,P,2
255,60,S,I,2
398,60.9352,I,S,3
459,60,_,F,4
465,60,S,I,4
50,61,S,I,0
79,61.2023,I,S,0
136,61,I,P,1
211,61,_,F,2
226,61,_,F,2
297,61,S,I,2
313,61,S,I,0
331,61,_,F,3
373,61.4163,I,S,3
459,61,I,P,4
483,61,_,F,4
99,62,S,I,0
211,62,I,P,2
226,62,I,P,2
243,62,_,F,2
331,62,I,P,3
367,62,S,I,1
453,62,S,I,4
471,62,_,F,4
213,63.7744,I,S,2
291,63,S,I,2
322,63,_,F,3
418,63,S,I,4
431,63,S,I,4
442,63,_,F,4
471,63,I,P,4
99,64.3824,I,S,0
138,64.7608,I,S,1
208,64,_,F,2
224,64,S,I,2
296,64,S,I,2
322,64,I,P,3
336,64.7469,I,S,3
403,64,S,I,4
442,64,I,P,4
469,64.5175,I,S,4
163,65,_,F,1
167,65,S,I,1
184,65,S,I,1
199,65,S,I,1
208,65,I,P,2
284,65,S,I,2
323,65,S,I,4
329,65,S,I,3
387,65.7921,I,S,0
426,65.3621,I,S,4
475,65,S,I,4
91,66,S,I,0
95,66,_,F,0
118,66,_,F,1
163,66,I,P,1
174,66,S,I,1
206,66,S,I,2
227,66,S,I,2
250,66,S,I,2
251,66.1669,I,S,2
304,66,S,I,3
342,66,S,I,3
358,66.5406,I,S,3
462,66,_,F,4
22,67,S,I,0
26,67,_,F,0
405,67,S,I,4
444,67,S,I,4
462,67,I,P,4
468,67,S,I,4
484,67.5887,I,S,4
490,67,P,S,4
45,68,P,S,0
55,68,S,I,0
59,68,S,I,0
104,68,_,F,0
118,68.5634,I,S,1
142,68,S,I,1
169,68,S,I,1
225,68.9524,I,S,2
248,68,S,I,2
266,68,S,I,2
320,68,S,I,3
334,68,_,F,3
355,68,_,F,3
467,68,P,S,4
19,69,S,I,1
57,69,_,F,0
58,69,S,I,0
69,69.7882,I,S,0
81,69,_,F,2
104,69,I,P,1
108,69.0541,I,S,1
114,69,S,I,0
122,69,S,I,1
124,69,_,F,1
364,69,S,I,3
425,69.8567,I,S,4
430,69,S,I,4
67,70,S,I,0
99,70,S,I,0
118,70,S,I,1
124,70,I,P,1
146,70,S,I,1
156,70.0905,I,S,0
187,70,S,I,1
188,70,S,I,1
288,70.2599,I,S,2
356,70.1685,I,S,3
387,70,S,I,3
439,70.2569,I,S,4
458,70,S,I,4
112,71,S,I,1
224,71.8894,I,S,2
244,71,S,I,2
289,71,S,I,2
297,71,_,F,2
298,71,P,S,2
313,71,_,F,3
345,71,P,S,3
360,71,S,I,3
172,72,P,S,1
202,72,S,I,2
268,72,P,S,3
297,72,I,P,2
313,72,I,P,2
327,72,S,I,3
367,72,_,F,3
473,72,S,I,4
484,72,S,I,4
225,73,S,I,2
300,73,S,I,3
310,73,P,S,3
348,73,S,I,3
352,73.7418,I,S,3
402,73,S,I,4
418,73,_,F,4
431,73,_,F,4
445,73,S,I,4
3,74,P,S,0
23,74,S,I,0
76,74,S,I,0
130,74,S,I,1
261,74.198,I,S,2
361,74,S,I,3
382,74,P,S,3
398,74,S,I,3
418,74,I,P,4
431,74,I,P,4
21,75.7399,I,S,1
184,75,_,F,1
199,75,_,F,1
209,75,S,I,2
230,75,S,I,4
232,75,S,I,2
366,75,S,I,4
392,75,P,S,3
419,75.0535,I,S,0
468,75.1255,I,S,4
8,76,S,I,0
54,76,S,I,0
69,76,S,I,0
91,76,_,F,0
127,76,S,I,1
147,76,S,I,1
184,76,I,P,1
199,76,I,P,3
216,76,S,I,2
314,76.7465,I,S,1
336,76,S,I,3
428,76,P,S,4
488,76,S,I,4
16,77,S,I,0
22,77,_,F,0
37,77.9515,I,S,0
175,77.0114,I,S,1
234,77,S,I,2
235,77,S,I,3
382,77,S,I,3
405,77,_,F,4
444,77,_,F,4
55,78,_,F,0
183,78,S,I,1
248,78,_,F,2
266,78,_,F,2
356,78,S,I,1
444,78,I,P,4
55,79,I,P,0
91,79.0568,I,S,0
138,79,S,I,2
223,79,S,I,2
248,79,I,P,2
252,79,S,I,2
275,79,S,I,2
430,79,_,F,3
84,80,S,I,0
118,80,_,F,3
146,80,_,F,3
242,80,S,I,2
293,80,S,I,1
419,80,S,I,0
105,81,S,I,1
118,81,I,P,3
125,81,S,I,1
165,81.8932,I,S,1
260,81,S,I,2
289,81,_,F,1
360,81,_,F,3
370,81,S,I,3
407,81,S,I,4
85,82.0514,I,S,0
102,82.6181,I,S,1
157,82.6538,I,S,1
179,82.7514,I,S,2
289,82,I,P,2
327,82,_,F,3
85,83,S,I,0
176,83,P,S,1
300,83,_,F,3
327,83,I,P,3
395,83,S,I,2
424,83,S,I,4
448,83,S,I,4
27,84,S,I,0
63,84,S,I,0
72,84,S,I,2
76,84,_,F,0
142,84.5252,I,S,1
251,84,S,I,2
372,84.7687,I,S,3
380,84.425,I,S,3
381,84.6798,I,S,3
398,84,_,F,0
236,85,P,S,2
236,85,S,I,2
338,85,P,S,0
352,85,S,I,3
398,85,I,P,0
427,85,S,I,4
490,85,S,I,4
54,86,_,F,3
272,86.4741,I,S,2
314,86,S,I,3
323,86.2342,I,S,3
373,86,S,I,3
426,86,S,I,4
441,86,P,S,4
16,87,_,F,0
21,87,S,I,0
54,87,I,P,3
68,87,S,I,0
227,87.0218,I,S,0
235,87,_,F,2
285,87,S,I,2
392,87,S,I,3
438,87,S,I,1
147,88.2616,I,S,1
152,88,P,S,1
213,88,S,I,2
283,88,S,I,3
98,89,S,I,4
114,89.9219,I,S,1
138,89,_,F,1
140,89.6619,I,S,1
223,89,_,F,2
252,89,_,F,2
272,89,S,I,2
309,89.0328,I,S,0
345,89,S,I,3
358,89,S,I,3
46,90.7925,I,S,0
96,90,S,I,0
147,90,S,I,1
223,90,I,P,2
252,90,I,P,2
258,90.0764,I,S,2
268,90,S,I,2
282,90,S,I,2
287,90.8015,I,S,2
437,90,S,I,4
1,91,S,I,0
37,91,S,I,0
39,91,S,I,0
224,91,S,I,2
260,91,_,F,2
342,91.4888,I,S,3
370,91,_,F,3
428,91,S,I,4
141,92,S,I,1
152,92,S,I,1
156,92,S,I,1
245,92,P,S,2
288,92,S,I,2
324,92,S,I,3
370,92,I,P,3
382,92.4908,I,S,4
425,92,S,I,4
92,93,S,I,0
136,93,P,S,1
244,93.7125,I,S,2
396,93,S,I,3
396,93.8356,I,S,3
441,93,S,I,4
448,93,_,F,4
459,93,P,S,3
27,94.7559,I,S,0
46,94,S,I,0
64,94,S,I,0
72,94,_,F,0
149,94.7116,I,S,1
211,94,P,S,2
211,94,S,I,2
226,94,P,S,2
331,94,P,S,3
448,94,I,P,4
72,95,I,P,0
80,95,S,I,0
157,95,S,I,1
236,95,_,F,3
469,95,S,I,4
471,95,P,S,3
490,95,_,F,4
496,95.9239,I,S,3
3,96,S,I,0
143,96.0676,I,S,1
236,96,I,P,2
303,96.3205,I,S,3
322,96,P,S,3
442,96,P,S,2
468,96,S,I,4
490,96,I,P,4
4,97,S,I,0
21,97,_,F,0
173,97,S,I,0
208,97,P,S,2
244,97,S,I,2
285,97,_,F,2
392,97,_,F,2
91,98,S,I,0
143,98,S,I,1
163,98,P,S,1
213,98,_,F,2
283,98,_,F,2
214,99.4594,I,S,2
245,99,S,I,2
272,99,_,F,2
283,99,I,P,2
287,99,S,I,2
337,99.7957,I,S,3
358,99,_,F,3
378,99.8856,I,S,3
441,99.5481,I,S,4
462,99,P,S,4
471,99,S,I,4
123,100,S,I,0
268,100,_,F,2
272,100,I,P,2
358,100,I,P,3
467,100,S,I,4
1,101,_,F,0
104,101,P,S,1
131,101,S,I,1
189,101,S,I,1
224,101,_,F,2
226,101,S,I,2
310,101,S,I,3
381,101,S,I,3
486,101.624,I,S,4
1,102,I,P,0
108,102,S,I,1
124,102,P,S,1
152,102,_,F,1
156,102,_,F,1
189,102.174,I,S,1
224,102,I,P,2
295,102,S,I,2
337,102,S,I,3
365,102.992,I,S,3
380,102,S,I,3
415,102,S,I,4
421,102.83,I,S,4
17,103.133,I,S,0
27,103,S,I,0
114,103,S,I,1
152,103,I,P,1
261,103,S,I,2
265,103.837,I,S,2
474,103,S,I,4
66,104.494,I,S,0
120,104,S,I,1
121,104.59,I,S,1
124,104,S,I,1
149,104,S,I,1
208,104,S,I,2
297,104,P,S,2
309,104,S,I,3
313,104,P,S,3
454,104,S,I,4
17,105,S,I,0
136,105,S,I,1
197,105.14,I,S,1
204,105.67,I,S,2
303,105,S,I,3
303,105.915,I,S,1
66,106,S,I,0
102,106,S,I,4
175,106,S,I,1
418,106,P,S,4
431,106,P,S,4
189,107,S,I,1
197,107,S,I,2
377,107.46,I,S,3
420,107.795,I,S,4
458,107.385,I,S,4
91,108,_,F,0
121,108,S,I,1
184,108,P,S,1
199,108,P,S,3
251,108.555,I,S,2
414,108,S,I,4
437,108.923,I,S,4
42,109.411,I,S,0
91,109,I,P,0
116,109,S,I,1
225,109.329,I,S,2
239,109.031,I,S,2
297,109,S,I,2
384,109,S,I,2
434,109,S,I,3
442,109,S,I,4
486,109,S,I,4
123,110,_,F,1
204,110,S,I,2
350,110,S,I,3
396,110,S,I,3
444,110,P,S,3
469,110.797,I,S,3
55,111,P,S,0
172,111,S,I,1
196,111,S,I,1
241,111,S,I,0
248,111,P,S,2
310,111,_,F,3
372,111,S,I,3
199,112,S,I,3
265,112,S,I,2
295,112,_,F,2
303,112,S,I,2
310,112,I,P,3
375,112.743,I,S,3
494,112,S,I,2
118,113,P,S,1
176,113,S,I,1
281,113.912,I,S,2
295,113,I,P,2
413,113.363,I,S,3
421,113,S,I,4
431,113,S,I,4
469,113,S,I,3
70,114,S,I,0
124,114,_,F,1
289,114,P,S,2
382,114,S,I,3
454,114,_,F,4
17,115,_,F,0
74,115.069,I,S,0
79,115,S,I,0
128,115.466,I,S,1
225,115,S,I,2
327,115,P,S,3
378,115,S,I,3
66,116,_,F,1
109,116.664,I,S,1
175,116,_,F,1
175,116.103,I,S,1
243,116.973,I,S,2
335,116.589,I,S,3
349,116.273,I,S,3
375,116,S,I,3
458,116,S,I,4
41,117.655,I,S,0
65,117,S,I,0
66,117,I,P,0
165,117,S,I,1
189,117,_,F,1
266,117.514,I,S,2
313,117,S,I,3
365,117,S,I,3
398,117,P,S,4
121,118,_,F,2
258,118,S,I,2
326,118,S,I,3
435,118.315,I,S,4
54,119,P,S,0
63,119.153,I,S,0
121,119,I,P,1
211,119.245,I,S,2
281,119,S,I,2
377,119,S,I,3
388,119.585,I,S,3
409,119.958,I,S,4
439,119,S,I,4
122,120.987,I,S,1
227,120,S,I,1
292,120.234,I,S,2
311,120,S,I,3
350,120,_,F,3
409,120,S,I,4
254,121,S,I,2
350,121,I,P,3
372,121,_,F,3
413,121,S,I,2
439,121.616,I,S,4
63,122,S,I,2
223,122,P,S,2
252,122,P,S,0
265,122,_,F,2
303,122,_,F,3
317,122.345,I,S,3
338,122,S,I,3
340,122.751,I,S,3
398,122,S,I,3
494,122,_,F,4
54,123,S,I,0
175,123,S,I,1
220,123,S,I,2
230,123.089,I,S,2
265,123,I,P,2
388,123,S,I,0
420,123,S,I,4
45,124,S,I,1
97,124.094,I,S,0
370,124,P,S,3
418,124,S,I,4
451,124,S,I,4
498,124.805,I,S,4
118,125,S,I,1
133,125,S,I,1
210,125.089,I,S,2
335,125,S,I,3
392,125.758,I,S,3
179,126,S,I,1
317,126,S,I,3
448,126,P,S,4
62,127.273,I,S,2
72,127,P,S,0
162,127.182,I,S,4
165,127,_,F,4
313,127,_,F,3
337,127.281,I,S,3
361,127.901,I,S,3
365,127,_,F,3
444,127,S,I,4
496,127,S,I,4
162,128,S,I,1
174,128.745,I,S,2
236,128,P,S,2
326,128,_,F,0
337,128,S,I,3
345,128.507,I,S,3
365,128,I,P,3
426,128.9,I,S,1
490,128,P,S,4
342,129,S,I,3
377,129,_,F,3
435,129,S,I,4
12,130,S,I,0
57,130.792,I,S,1
72,130,S,I,0
88,130,S,I,0
171,130,S,I,1
214,130,S,I,2
227,130,_,F,2
298,130,S,I,2
366,130.672,I,S,3
377,130,I,P,3
446,130.423,I,S,4
484,130.311,I,S,4
488,130.783,I,S,4
13,131.759,I,S,0
48,131.593,I,S,0
227,131,I,P,2
283,131,P,S,2
349,131,S,I,3
392,131,S,I,3
441,131,S,I,4
484,131,S,I,4
128,132,S,I,1
248,132,S,I,2
251,132,S,I,1
272,132,P,S,2
322,132,S,I,2
338,132,_,F,3
358,132,P,S,3
398,132,_,F,3
455,132.882,I,S,4
498,132,S,I,4
41,133,S,I,0
54,133,_,F,0
139,133.078,I,S,1
327,133,S,I,3
388,133,_,F,3
1,134,P,S,0
57,134,S,I,0
154,134.059,I,S,3
224,134,P,S,2
292,134,S,I,2
340,134,S,I,0
366,134,S,I,3
388,134,I,P,3
434,134.742,I,S,4
446,134,S,I,4
451,134,_,F,4
55,135,S,I,0
152,135,P,S,0
437,135,S,I,4
23,136.804,I,S,0
109,136,S,I,1
279,136,S,I,2
317,136,_,F,3
361,136,S,I,1
142,137,S,I,1
223,137,S,I,2
278,137.135,I,S,0
317,137,I,P,3
345,137,S,I,3
439,137,S,I,3
480,137,S,I,1
122,138,S,I,1
337,138,_,F,3
378,138.831,I,S,3
140,139,S,I,1
331,139,S,I,3
406,139.456,I,S,2
74,140,S,I,0
152,140,S,I,0
171,140,_,F,1
236,140,S,I,2
298,140,_,F,2
363,140.414,I,S,3
91,141,P,S,3
171,141,I,P,1
298,141,I,P,2
441,141,_,F,4
484,141,_,F,4
128,142,_,F,1
184,142,S,I,0
253,142.094,I,S,2
323,142,S,I,3
370,142,S,I,3
397,142,S,I,3
441,142,I,P,4
484,142,I,P,4
498,142,_,F,4
41,143,_,F,0
94,143.503,I,S,0
128,143,I,P,1
230,143,S,I,2
261,143.855,I,S,2
264,143.602,I,S,2
327,143,_,F,0
363,143,S,I,3
13,144,S,I,0
41,144,I,P,0
86,144,S,I,0
95,144.034,I,S,0
104,144,S,I,1
211,144,S,I,2
252,144,S,I,1
258,144.041,I,S,2
310,144,P,S,3
327,144,I,P,0
335,144.634,I,S,3
366,144,_,F,3
378,144,S,I,3
488,144,S,I,4
35,145.799,I,S,0
95,145,S,I,3
295,145,P,S,2
318,145.102,I,S,3
413,145.132,I,S,4
422,145.562,I,S,4
494,145.715,I,S,4
23,146,S,I,0
243,146,S,I,2
361,146,_,F,3
459,146,S,I,4
53,147.603,I,S,0
136,147.373,I,S,1
233,147.137,I,S,2
272,147,S,I,4
309,147.111,I,S,3
341,147.27,I,S,3
434,147,S,I,4
431,148.257,I,S,4
451,148.398,I,S,2
48,149,S,I,0
66,149,P,S,0
119,149.964,I,S,0
192,149.421,I,S,1
210,149,S,I,2
74,150,_,F,0
97,150,S,I,0
163,150,S,I,1
248,150.871,I,S,2
318,150,S,I,3
121,151,P,S,1
314,151.013,I,S,3
431,151,S,I,4
1,152,S,I,0
304,152.049,I,S,3
341,152,S,I,3
189,153.428,I,S,1
261,153,S,I,0
350,153,P,S,3
363,153,_,F,3
381,153.172,I,S,3
494,153,S,I,4
252,154,_,F,2
261,154.348,I,S,0
304,154,S,I,3
335,154,S,I,3
363,154,I,P,3
384,154.784,I,S,3
94,155,S,I,0
119,155,S,I,0
136,155,S,I,1
228,155.551,I,S,1
265,155,P,S,2
289,155,S,I,4
26,156.623,I,S,2
146,156.472,I,S,4
174,156,S,I,1
282,156.054,I,S,2
460,156,S,I,3
20,157.812,I,S,2
199,157.804,I,S,1
349,157.674,I,S,4
352,157.094,I,S,3
150,158.718,I,S,1
192,158,S,I,1
283,158,S,I,2
295,158,S,I,2
342,158.751,I,S,3
451,158,S,I,4
462,158,S,I,4
71,159.131,I,S,0
224,159,S,I,2
253,159,S,I,2
266,159,S,I,2
396,159.584,I,S,3
498,159.711,I,S,4
310,160,S,I,3
318,160,_,F,3
365,160,P,S,3
413,160,S,I,4
3,161.629,I,S,0
155,161,S,I,1
163,161.333,I,S,1
261,161,S,I,2
356,161.936,I,S,3
448,161,S,I,3
469,161.427,I,S,4
1,162,_,F,0
35,162,S,I,0
121,162,S,I,1
170,162.069,I,S,1
228,162,S,I,0
254,162.316,I,S,2
377,162,P,S,3
453,162.692,I,S,4
1,163,I,P,0
57,163.867,I,S,0
126,163,I,S,1
227,163,P,S,4
239,163,S,I,2
286,163,S,I,0
494,163,_,F,4
199,164,S,I,1
335,164,_,F,3
384,164,S,I,3
399,164.057,I,S,3
494,164,I,P,4
71,165,S,I,0
94,165,_,F,0
135,165.568,I,S,1
136,165,_,F,1
139,165,S,I,1
335,165,I,P,3
406,165,S,I,4
30,166.598,I,S,0
91,166,S,I,0
94,166,I,P,0
136,166,I,P,1
219,166.609,I,S,2
272,166.38,I,S,2
346,166.09,I,S,3
350,166,S,I,3
388,166,P,S,3
490,166,S,I,4
498,166,S,I,4
30,167,S,I,0
87,167.851,I,S,0
101,167.234,I,S,1
272,167,S,I,2
352,167,S,I,3
396,167,S,I,3
36,168.357,I,S,0
114,168.371,I,S,1
158,168.491,I,S,4
163,168,S,I,1
224,168.073,I,S,2
247,168.255,I,S,2
253,168.729,I,S,2
283,168,_,F,2
378,168.594,I,S,3
388,168,S,I,3
445,168.041,I,S,4
462,168,_,F,4
53,169,S,I,3
107,169.362,I,S,1
146,169,S,I,1
214,169.706,I,S,2
218,169.202,I,S,2
254,169,S,I,2
317,169,P,S,0
349,169,S,I,4
365,169,S,I,2
42,170,S,I,0
87,170,S,I,0
114,170,S,I,1
227,170,S,I,2
290,170.193,I,S,2
310,170,_,F,0
424,170.8,I,S,4
11,171.267,I,S,0
32,171.524,I,S,0
53,171.585,I,S,0
73,171.52,I,S,0
126,171,S,I,1
310,171,I,P,3
329,171.115,I,S,3
377,171,S,I,3
448,171,_,F,4
469,171,S,I,4
25,172.982,I,S,0
35,172,_,F,0
65,172.07,I,S,0
66,172,S,I,0
247,172,S,I,2
267,172.89,I,S,2
315,172.865,I,S,3
398,172.824,I,S,3
445,172,S,I,4
448,172,I,P,4
25,173,S,I,0
26,173,S,I,0
32,173,S,I,0
90,173.321,I,S,0
171,173,P,S,1
189,173,S,I,1
221,173.292,I,S,2
239,173,_,F,2
268,173.196,I,S,2
286,173,_,F,2
298,173,P,S,1
103,174.816,I,S,1
286,174,I,P,2
441,174,P,S,4
484,174,P,S,4
71,175,_,F,0
79,175.922,I,S,0
88,175.625,I,S,0
106,175.759,I,S,1
128,175,P,S,0
218,175,S,I,2
277,175.754,I,S,2
290,175,S,I,2
398,175,S,I,1
496,175.466,I,S,0
41,176,P,S,0
91,176,_,F,0
147,176.523,I,S,1
167,176.06,I,S,1
327,176,P,S,3
354,176.652,I,S,3
41,177,S,I,0
62,177,S,I,0
91,177,I,P,0
128,177,S,I,1
256,177.716,I,S,2
272,177,_,F,1
354,177,S,I,3
33,178.244,I,S,0
130,178.445,I,S,1
212,178.486,I,S,2
214,178,S,I,2
272,178,I,P,1
336,178.957,I,S,3
388,178,_,F,3
431,178.26,I,S,4
465,178.306,I,S,4
135,179,S,I,1
154,179,S,I,1
154,179.94,I,S,3
201,179.277,I,S,1
267,179,S,I,2
298,179,S,I,2
322,179.901,I,S,3
349,179,_,F,3
375,179.954,I,S,3
388,179.646,I,S,3
88,180,S,I,0
114,180,_,F,1
171,180,S,I,1
253,180,S,I,2
264,180,S,I,2
327,180,S,I,3
381,180,S,I,3
426,180,S,I,4
465,180,S,I,4
57,181,S,I,0
101,181,S,I,1
106,181,S,I,0
113,181.385,I,S,1
114,181,I,P,1
234,181.268,I,S,2
447,181.227,I,S,4
453,181,S,I,4
36,182,S,I,0
150,182,S,I,1
342,182,S,I,3
422,182,S,I,4
424,182,S,I,4
496,182,S,I,4
32,183,_,F,0
124,183.207,I,S,1
260,183.406,I,S,2
268,183,S,I,2
344,183.318,I,S,3
346,183,S,I,3
33,184,S,I,0
79,184,S,I,0
212,184,S,I,2
228,184.353,I,S,2
387,184.096,I,S,3
431,184,S,I,1
432,184.616,I,S,4
398,185,_,F,3
86,186.706,I,S,0
256,186,S,I,2
262,186.935,I,S,2
363,186,P,S,2
398,186,I,P,3
449,186.697,I,S,1
53,187,S,I,0
133,187.921,I,S,0
154,187,S,I,1
224,187,S,I,2
247,187.354,I,S,2
354,187,_,F,3
388,187,S,I,3
3,188,S,I,0
195,188.523,I,S,1
211,188.599,I,S,2
309,188,S,I,4
336,188,S,I,3
360,188.474,I,S,3
461,188.492,I,S,4
103,189,S,I,1
113,189,S,I,1
218,189.655,I,S,2
267,189,_,F,2
277,189,S,I,2
41,190.67,I,S,0
86,190,S,I,0
88,190,_,F,0
92,190.955,I,S,0
171,190,_,F,1
267,190,I,P,2
291,190.727,I,S,2
320,190.135,I,S,3
327,190,_,F,3
356,190,S,I,3
363,190,S,I,2
465,190,_,F,4
218,191,S,I,4
233,191,S,I,2
399,191,S,I,3
453,191,_,F,4
465,191,I,P,4
150,192,_,F,1
223,192.811,I,S,2
228,192,S,I,2
311,192.111,I,S,3
342,192,_,F,2
422,192,_,F,0
453,192,I,P,4
460,192.317,I,S,4
11,193,S,I,0
315,193,S,I,3
322,193,S,I,3
342,193,I,P,2
418,193.264,I,S,0
65,194,S,I,0
79,194,_,F,0
431,194,_,F,4
447,194,S,I,4
1,195,P,S,0
79,195,I,P,0
90,195,S,I,0
125,195.027,I,S,1
248,195,S,I,2
282,195,S,I,2
317,195,S,I,3
367,195.16,I,S,3
414,195.536,I,S,4
418,195,S,I,0
483,195.802,I,S,4
187,196.657,I,S,1
331,196.505,I,S,3
344,196,S,I,3
360,196,S,I,3
494,196,P,S,4
53,197,_,F,0
110,197.05,I,S,4
248,197.739,I,S,2
335,197,P,S,3
3,198,_,F,0
94,198,P,S,0
110,198,S,I,4
133,198,S,I,1
136,198,P,S,1
219,198,S,I,2
220,198.295,I,S,2
269,198.611,I,S,2
309,198,_,F,3
336,198,_,F,3
425,198.584,I,S,4
437,198.289,I,S,4
483,198,S,I,4
113,199,_,F,1
247,199,S,I,2
309,199,I,P,3
314,199,S,I,3
336,199,I,P,3
455,199,S,I,4
479,199.088,I,S,4
9,200.735,I,S,0
41,200,S,I,0
139,200.74,I,S,1
221,200,S,I,2
13,201.045,I,S,0
218,201,_,F,2
223,201,S,I,2
387,201,S,I,3
417,201.4,I,S,4
178,202.043,I,S,1
243,202.71,I,S,2
201,203,S,I,2
260,203,S,I,2
310,203,P,S,3
311,203,S,I,3
315,203,_,F,3
2,204.832,I,S,0
65,204,_,F,0
395,204.514,I,S,3
399,204.568,I,S,3
448,204,P,S,4
65,205,I,P,0
136,205,S,I,1
181,205.08,I,S,1
402,205.547,I,S,4
145,206.356,I,S,1
190,206.811,I,S,2
220,206,S,I,2
265,206,S,I,2
286,206,P,S,2
358,206,S,I,3
360,206,_,F,3
9,207,S,I,0
37,207.92,I,S,0
73,207,S,I,0
92,207,S,I,0
142,207.851,I,S,1
181,207,S,I,1
196,207.34,I,S,1
360,207,I,P,3
479,207,S,I,4
130,208,S,I,1
329,208,S,I,3
370,208.748,I,S,0
452,208.969,I,S,4
478,208.621,I,S,4
483,208,_,F,3
91,209,P,S,0
167,209,S,I,4
196,209,S,I,4
215,209.967,I,S,2
237,209.791,I,S,2
247,209,_,F,2
314,209,_,F,3
432,209,S,I,4
483,209,I,P,3
41,210,_,F,0
247,210,I,P,2
272,210,P,S,2
274,210.193,I,S,2
314,210,I,P,3
41,211,I,P,0
223,211,_,F,2
243,211,S,I,2
387,211,_,F,3
397,211.161,I,S,3
125,212,S,I,1
223,212,I,P,2
278,212,S,I,2
362,212.279,I,S,3
387,212,I,P,3
397,212,S,I,3
416,212.183,I,S,4
91,213,S,I,0
114,213,P,S,1
124,213,S,I,1
147,213,S,I,1
201,213.782,I,S,4
414,213,S,I,4
484,213,S,I,4
33,214.138,I,S,0
298,214.271,I,S,2
417,214,S,I,4
493,214.602,I,S,4
107,215,S,I,1
274,215,S,I,2
406,215.287,I,S,4
33,216,S,I,0
37,216,S,I,0
220,216,_,F,2
310,216,S,I,2
320,216,S,I,3
341,216.141,I,S,3
374,216.183,I,S,3
437,216,S,I,4
451,216.325,I,S,4
73,217,_,F,1
92,217,_,F,0
181,217,_,F,1
182,217.163,I,S,1
195,217,S,I,1
195,217.434,I,S,1
220,217,I,P,2
406,217,S,I,4
493,217,S,I,4
9,218.606,I,S,0
73,218,I,P,1
92,218,I,P,0
94,218,S,I,2
130,218,_,F,1
170,218,S,I,1
181,218,I,P,1
211,218,S,I,2
259,218.528,I,S,2
329,218,_,F,3
398,218,P,S,3
167,219,_,F,1
196,219,_,F,1
272,219,S,I,2
281,219.653,I,S,2
478,219,S,I,4
23,220.982,I,S,0
167,220,I,P,1
187,220,S,I,1
194,220.74,I,S,1
196,220,I,P,1
291,220,S,I,4
325,220.719,I,S,3
24,221.16,I,S,0
248,221,S,I,2
451,221,S,I,4
267,222,P,S,2
278,222,_,F,2
299,222.424,I,S,2
341,222,S,I,3
91,223,_,F,4
110,223.156,I,S,1
145,223,S,I,1
147,223,_,F,1
278,223,I,P,2
425,223,S,I,4
465,223,P,S,4
83,224.751,I,S,3
91,224,I,P,0
190,224,S,I,4
234,224,S,I,2
453,224,P,S,4
480,224.494,I,S,4
142,225,S,I,1
173,225.883,I,S,1
274,225,_,F,2
342,225,P,S,0
158,226,S,I,1
178,226,S,I,0
236,226.264,I,S,2
274,226,I,P,2
307,226.63,I,S,3
320,226,_,F,3
335,226,S,I,3
459,226.053,I,S,4
66,227.387,I,S,2
79,227,P,S,0
123,227.016,I,S,1
259,227,S,I,2
291,227.021,I,S,2
320,227,I,P,3
325,227,S,I,3
493,227,_,F,4
1,228,S,I,0
45,228.059,I,S,0
195,228,S,I,1
211,228,_,F,2
281,228,S,I,2
437,228.216,I,S,4
449,228,S,I,4
211,229,I,P,2
272,229,_,F,2
277,229.784,I,S,1
362,229,S,I,3
187,230,_,F,1
202,230.49,I,S,2
258,230,S,I,2
290,230.218,I,S,2
323,230.334,I,S,3
416,230,S,I,4
187,231,I,P,1
248,231,_,F,2
248,231.896,I,S,2
277,231,S,I,1
291,231,S,I,2
298,231,S,I,2
309,231,P,S,3
309,231,S,I,3
336,231,P,S,0
486,231.264,I,S,2
58,232.63,I,S,0
283,232.304,I,S,2
290,232,S,I,2
341,232,_,F,3
23,233,S,I,0
110,233,S,I,1
138,233.204,I,S,1
145,233,_,F,1
215,233,S,I,4
265,233.686,I,S,2
341,233,I,P,3
374,233,S,I,3
425,233,_,F,1
453,233,S,I,4
459,233,S,I,4
123,234,S,I,1
200,234.677,I,S,0
234,234,_,F,2
236,234,S,I,3
237,234,S,I,2
105,235.031,I,S,1
142,235,_,F,1
347,235.078,I,S,3
448,235,S,I,4
494,235,S,I,4
63,236.216,I,S,0
104,236.182,I,S,1
142,236,I,P,1
158,236,_,F,1
201,236,S,I,2
202,236,S,I,4
347,236,S,I,3
478,236.955,I,S,4
2,237,S,I,0
32,237.637,I,S,0
65,237,P,S,0
65,237,S,I,0
83,237,S,I,0
141,237.374,I,S,1
158,237,I,P,1
325,237,_,F,3
367,237,S,I,3
395,237,S,I,3
95,238.973,I,S,0
208,238.285,I,S,2
243,238.651,I,S,2
312,238.196,I,S,3
325,238,I,P,3
331,238,S,I,3
338,238.068,I,S,3
402,238,S,I,2
406,238.65,I,S,4
141,239,S,I,1
286,239,S,I,2
360,239,P,S,4
398,239,S,I,3
399,239,S,I,3
461,239,S,I,4
88,240.278,I,S,0
182,240,S,I,1
194,240,S,I,1
323,240,S,I,3
326,240.764,I,S,3
291,241,_,F,2
307,241,S,I,3
319,241.132,I,S,3
469,241.113,I,S,4
483,241,P,S,4
13,242,S,I,0
45,242,S,I,0
162,242.698,I,S,1
247,242,P,S,0
314,242,P,S,3
418,242.222,I,S,4
480,242,S,I,4
41,243,P,S,0
208,243,S,I,2
241,243.669,I,S,2
314,243,S,I,3
360,243,S,I,4
223,244,P,S,3
262,244,S,I,2
387,244,P,S,3
463,244.295,I,S,4
9,245,S,I,0
118,245.66,I,S,1
200,245,S,I,2
247,245,S,I,2
266,245.832,I,S,2
448,245,_,F,4
20,246,S,I,0
40,246.376,I,S,0
63,246,S,I,0
104,246,S,I,1
118,246,S,I,1
248,246,S,I,2
326,246,S,I,3
413,246.709,I,S,4
483,246,S,I,4
59,247.86,I,S,0
63,247.593,I,S,0
138,247,S,I,1
330,247.855,I,S,3
395,247,_,F,3
465,247,S,I,4
71,248.897,I,S,0
395,248,I,P,3
402,248,_,F,4
428,248.806,I,S,4
452,248,S,I,4
27,249.847,I,S,0
65,249.819,I,S,0
141,249,_,F,0
220,249,P,S,2
288,249.056,I,S,2
299,249,S,I,2
378,249,S,I,3
437,249,S,I,4
457,249.384,I,S,4
461,249,_,F,4
38,250.897,I,S,2
73,250,P,S,0
79,250,S,I,0
92,250,P,S,0
141,250,I,P,0
181,250,P,S,1
194,250,_,F,1
288,250,S,I,2
483,250.915,I,S,4
36,251.79,I,S,0
40,251,S,I,0
194,251,I,P,1
230,251.097,I,S,2
292,251.095,I,S,2
13,252,_,F,0
167,252,P,S,1
181,252,S,I,1
196,252,P,S,1
216,252.481,I,S,4
241,252,S,I,2
266,252,S,I,2
293,252.894,I,S,2
200,253.059,I,S,2
305,253.693,I,S,1
360,253,_,F,3
468,253.811,I,S,1
478,253,S,I,4
56,254.553,I,S,0
66,254,S,I,0
114,254,S,I,1
200,254,S,I,2
312,254,S,I,3
421,254.417,I,S,4
467,254.022,I,S,4
486,254,S,I,4
278,255,P,S,2
20,256,_,F,0
41,256,S,I,0
91,256,P,S,0
162,256,S,I,1
213,256.443,I,S,2
248,256,_,F,2
292,256,S,I,2
326,256,_,F,3
364,256.8,I,S,3
408,256.956,I,S,4
32,257,S,I,0
86,257.749,I,S,0
248,257,I,P,2
257,257.951,I,S,2
305,257,S,I,1
322,257.742,I,S,3
326,257,I,P,3
492,257.75,I,S,4
24,258,S,I,0
58,258,S,I,0
274,258,P,S,2
373,258.226,I,S,3
463,258,S,I,4
483,258,S,I,0
223,259,S,I,2
230,259,S,I,2
235,259.901,I,S,2
320,259,P,S,3
435,259.719,I,S,4
437,259,_,F,4
477,259.954,I,S,4
1,260.127,I,S,0
36,260,S,I,0
65,260,S,I,0
79,260,_,F,0
243,260,S,I,2
269,260,S,I,2
348,260.727,I,S,2
437,260,I,P,4
40,261,_,F,0
176,261.119,I,S,1
211,261,P,S,2
277,261.171,I,S,2
322,261,S,I,3
363,261.113,I,S,3
413,261,S,I,4
14,262.834,I,S,0
40,262,I,P,0
169,262.1,I,S,1
181,262,_,F,1
241,262,_,F,2
257,262,S,I,2
406,262,S,I,4
169,263,S,I,1
181,263,I,P,1
187,263,P,S,1
237,263.983,I,S,2
293,263,S,I,2
295,263.64,I,S,2
307,263.883,I,S,3
477,263,S,I,4
27,264,S,I,0
95,264,S,I,0
114,264,_,F,1
116,264.576,I,S,1
200,264,_,F,2
305,264.362,I,S,3
387,264,S,I,3
467,264,S,I,4
71,265,S,I,0
86,265,S,I,2
196,265,S,I,1
200,265,I,P,2
236,265.097,I,S,2
283,265,S,I,2
341,265,P,S,3
428,265,S,I,4
469,265,S,I,4
471,265.406,I,S,4
56,266,S,I,3
187,266,S,I,1
256,266.698,I,S,2
292,266.397,I,S,2
397,266.795,I,S,3
480,266.777,I,S,0
73,267,S,I,0
130,267.985,I,S,1
161,267.218,I,S,1
295,267,S,I,2
320,267,S,I,3
333,267.993,I,S,3
368,267.674,I,S,3
490,267.149,I,S,4
1,268,S,I,2
142,268,P,S,4
146,268.34,I,S,1
213,268,S,I,2
265,268,S,I,4
375,268,S,I,3
421,268,S,I,4
18,269.282,I,S,0
92,269,S,I,0
158,269,P,S,1
223,269,_,F,3
236,269,S,I,4
236,269.365,I,S,4
330,269,S,I,3
105,270,S,I,1
220,270,S,I,2
236,270,S,I,4
278,270,S,I,2
325,270,P,S,3
408,270,S,I,4
112,271.947,I,S,1
183,271.352,I,S,1
241,271.644,I,S,2
448,271.73,I,S,4
116,272,S,I,1
142,272,S,I,2
235,272,S,I,2
274,272,S,I,2
333,272,S,I,3
338,272,S,I,3
397,272,S,I,3
406,272,_,F,4
441,272,S,I,4
25,273.818,I,S,0
145,273.884,I,S,1
167,273,S,I,1
319,273,S,I,3
370,273,S,I,3
477,273,_,F,3
87,274.298,I,S,0
112,274,S,I,1
283,274.255,I,S,2
441,274.702,I,S,4
477,274,I,P,4
492,274,S,I,1
88,275,S,I,0
157,275.304,I,S,1
196,275,_,F,1
363,275,S,I,3
382,275.804,I,S,3
469,275,_,F,1
10,276.719,I,S,0
59,276,S,I,0
176,276,S,I,1
237,276,S,I,2
307,276,S,I,3
373,276,S,I,3
457,276,S,I,4
469,276,I,P,4
480,276,S,I,4
73,277,_,F,0
95,277.598,I,S,0
130,277,S,I,1
138,277.772,I,S,1
173,277,S,I,1
209,277.024,I,S,2
295,277,_,F,2
423,277.418,I,S,4
28,278.992,I,S,2
38,278,S,I,0
111,278.328,I,S,1
146,278,S,I,1
155,278.323,I,S,1
157,278,S,I,1
175,278.131,I,S,1
235,278.326,I,S,1
265,278,_,F,2
295,278,I,P,2
341,278,S,I,3
348,278,S,I,3
18,279,S,I,4
63,279,S,I,0
94,279.244,I,S,0
234,279.111,I,S,2
265,279,I,P,2
277,279,S,I,2
305,279,S,I,3
8,280.742,I,S,0
87,280,S,I,0
91,280,S,I,0
139,280,S,I,1
161,280,S,I,1
267,280,S,I,2
292,280,S,I,2
364,280,S,I,3
395,280,P,S,3
408,280,_,F,4
445,280.754,I,S,4
110,281.982,I,S,1
183,281,S,I,1
368,281,S,I,3
141,282,P,S,1
333,282,_,F,3
338,282,_,F,3
397,282,_,F,3
14,283,S,I,0
56,283.905,I,S,0
167,283,_,F,1
194,283,P,S,1
234,283,S,I,2
241,283,S,I,2
319,283,_,F,3
333,283,I,P,3
435,283,S,I,4
448,283,S,I,0
66,284.587,I,S,1
113,284.607,I,S,1
145,284,S,I,1
167,284,I,P,1
386,284.885,I,S,3
483,284.786,I,S,4
56,285,S,I,0
85,285.095,I,S,0
102,285.028,I,S,1
216,285,S,I,4
324,285.495,I,S,3
490,285,S,I,4
102,286,S,I,1
176,286,_,F,1
298,286.858,I,S,2
332,286.783,I,S,3
8,287,S,I,0
130,287,_,F,1
141,287,S,I,1
173,287,_,F,4
276,287.137,I,S,0
328,287.192,I,S,3
38,288,_,F,0
85,288,S,I,4
110,288,S,I,1
230,288.531,I,S,2
460,288,S,I,4
77,289.282,I,S,1
93,289.574,I,S,0
248,289,P,S,2
277,289,_,F,2
326,289,P,S,3
423,289,S,I,2
95,290,S,I,1
175,290,S,I,4
207,290.537,I,S,2
209,290,S,I,3
225,290.17,I,S,4
298,290,S,I,3
449,290.544,I,S,4
488,290.381,I,S,4
173,291.877,I,S,1
219,291.4,I,S,2
368,291,_,F,3
374,291.87,I,S,3
376,291.825,I,S,3
382,291,S,I,3
476,291.415,I,S,4
483,291,S,I,4
94,292,S,I,0
248,292,S,I,2
368,292,I,P,3
395,292,S,I,3
437,292,P,S,1
10,293,S,I,0
14,293,_,F,0
133,293.117,I,S,1
386,293,S,I,3
14,294,I,P,0
28,294,S,I,0
40,294,P,S,0
145,294,_,F,1
207,294,S,I,2
225,294,S,I,2
111,295,S,I,1
145,295,I,P,1
181,295,P,S,1
205,295.503,I,S,2
247,295.09,I,S,2
252,295.863,I,S,2
272,295.442,I,S,2
445,295,S,I,4
449,295,S,I,4
490,295,_,F,3
283,296,S,I,2
418,296,S,I,4
490,296,I,P,3
138,297,S,I,1
200,297,P,S,2
441,297,S,I,4
25,298,S,I,0
42,298.228,I,S,0
85,298,_,F,0
110,298,_,F,1
308,298.002,I,S,3
353,298.711,I,S,3
424,298.595,I,S,4
462,298.757,I,S,4
491,298.244,I,S,4
110,299,I,P,1
155,299,S,I,1
206,299.358,I,S,2
219,299,S,I,2
342,299,S,I,3
352,299.028,I,S,3
374,299,S,I,3
476,299,S,I,4
488,299,S,I,4
95,300,_,F,0
298,300,_,F,2
491,300,S,I,4
298,301,I,P,2
336,301,S,I,3
424,301,S,I,4
437,301,S,I,1
84,302.515,I,S,0
94,302,_,F,1
223,302.633,I,S,4
326,302,S,I,3
395,302,_,F,3
446,302.448,I,S,4
76,303.213,I,S,0
113,303,S,I,1
328,303,S,I,3
330,303.602,I,S,3
194,304,S,I,1
207,304,_,F,1
225,304,_,F,2
335,304.94,I,S,3
428,304.797,I,S,4
113,305.119,I,S,1
173,305,S,I,1
181,305,S,I,1
299,305.716,I,S,2
346,305.741,I,S,3
445,305,_,F,4
446,305,S,I,4
449,305,_,F,4
462,305,S,I,4
36,306.189,I,S,0
133,306,S,I,1
247,306,S,I,2
394,306.903,I,S,3
449,306,I,P,4
477,306,P,S,3
138,307,_,F,1
230,307,S,I,2
441,307,_,F,4
471,307,S,I,4
138,308,I,P,1
388,308.201,I,S,3
441,308,I,P,4
469,308,P,S,4
76,309,S,I,0
122,309.884,I,S,1
126,309.39,I,S,1
287,309.743,I,S,2
296,309.784,I,S,2
352,309,S,I,3
374,309,_,F,3
476,309,_,F,4
488,309,_,F,4
2,310.827,I,S,0
93,310,S,I,0
293,310.065,I,S,2
295,310,P,S,2
299,310,S,I,2
330,310,S,I,3
374,310,I,P,3
476,310,I,P,4
477,310,S,I,4
39,311.953,I,S,0
252,311,S,I,3
265,311,P,S,2
272,311,S,I,2
424,311,_,F,4
463,311.425,I,S,4
276,312,S,I,4
293,312,S,I,2
308,312,S,I,3
335,312,S,I,4
424,312,I,P,4
66,313,S,I,0
84,313,S,I,0
481,313.493,I,S,3
244,314.519,I,S,2
273,314.765,I,S,2
295,314,S,I,2
32,315.073,I,S,0
173,315,_,F,1
333,315,P,S,1
133,316,_,F,1
167,316,P,S,1
173,316,I,P,1
455,316.724,I,S,4
468,316,S,I,4
133,317,I,P,1
217,317.075,I,S,2
342,317.816,I,S,3
463,317,S,I,4
394,318,S,I,3
32,319,S,I,0
98,319.709,I,S,0
211,319,S,I,2
401,319.77,I,S,4
93,320,_,F,0
98,320,S,I,0
235,320,S,I,2
247,320.485,I,S,2
299,320,_,F,2
334,320.243,I,S,1
353,320,S,I,3
355,320.972,I,S,3
401,320,S,I,4
428,320,S,I,4
455,320,S,I,4
168,321.446,I,S,1
211,321.836,I,S,2
272,321,_,F,2
407,321.665,I,S,4
113,322,S,I,1
124,322.187,I,S,1
205,322,S,I,2
258,322.704,I,S,2
272,322,I,P,2
308,322,_,F,3
333,322,S,I,3
390,322.217,I,S,3
455,322.829,I,S,4
496,322.191,I,S,4
498,322.442,I,S,4
22,323.766,I,S,0
36,323,S,I,2
39,323,S,I,0
42,323,S,I,0
66,323,_,F,0
244,323,S,I,2
258,323,S,I,2
334,323,S,I,3
208,324.02,I,S,2
221,324.521,I,S,2
256,324,S,I,2
351,324.684,I,S,3
368,324,P,S,3
469,325,S,I,4
14,326,P,S,0
251,326.285,I,S,2
457,326.883,I,S,3
58,327.499,I,S,1
105,327.778,I,S,3
145,327,P,S,1
216,327.1,I,S,2
229,327.966,I,S,2
249,327.65,I,S,2
286,327.138,I,S,2
355,327,S,I,3
379,327.127,I,S,3
407,327,S,I,4
408,327.913,I,S,4
463,327,_,F,4
131,328.224,I,S,1
145,328,S,I,1
243,328.021,I,S,2
394,328,_,F,3
463,328,I,P,4
481,328,S,I,2
490,328,P,S,4
161,329.995,I,S,1
247,329,S,I,2
394,329,I,P,3
455,329,S,I,4
496,329,S,I,4
1,330.367,I,S,0
40,330,S,I,0
61,330.472,I,S,0
185,330.443,I,S,1
296,330,S,I,2
401,330,_,F,4
428,330,_,F,1
0,331.911,I,S,0
44,331.408,I,S,0
93,331.84,I,S,0
110,331,P,S,4
204,331.859,I,S,2
249,331,S,I,2
251,331,S,I,2
355,331.157,I,S,3
368,331,S,I,3
428,331,I,P,4
54,332.15,I,S,1
168,332,S,I,1
217,332,S,I,2
312,332.219,I,S,3
498,332,S,I,4
42,333,_,F,0
57,333.545,I,S,0
110,333,S,I,1
163,333.031,I,S,1
244,333,_,F,2
298,333,P,S,2
91,334.855,I,S,0
131,334,S,I,1
208,334,S,I,2
244,334,I,P,2
256,334,_,F,4
270,334.371,I,S,2
285,334.711,I,S,2
379,334,S,I,3
53,335.514,I,S,3
105,335,S,I,1
146,335.952,I,S,1
207,335.333,I,S,2
211,335,S,I,2
255,335.895,I,S,2
299,335.4,I,S,2
369,335.8,I,S,3
375,335.002,I,S,4
79,336.733,I,S,0
292,336.972,I,S,2
335,336.439,I,S,2
434,336.01,I,S,4
22,337,S,I,0
67,337.348,I,S,0
158,337,S,I,1
229,337,S,I,2
255,337,S,I,2
286,337,S,I,2
342,337,S,I,3
407,337,_,F,4
15,338.209,I,S,0
93,338,S,I,0
323,338.591,I,S,3
407,338,I,P,4
449,338,P,S,4
11,339.591,I,S,0
216,339,S,I,2
278,339.999,I,S,2
335,339,S,I,2
0,340,S,I,0
124,340,S,I,1
138,340,P,S,1
243,340,S,I,2
262,340.562,I,S,2
324,340,S,I,3
441,340,P,S,4
154,341.603,I,S,1
396,341.465,I,S,3
413,341.398,I,S,4
431,341.13,I,S,4
487,341.486,I,S,4
146,342,S,I,1
161,342,S,I,1
285,342,S,I,0
374,342,P,S,3
376,342,S,I,3
476,342,P,S,4
1,343,S,I,0
55,343.699,I,S,0
352,343.296,I,S,3
425,343.116,I,S,4
483,343.662,I,S,1
14,344,S,I,0
67,344,S,I,2
77,344,S,I,0
131,344,_,F,1
207,344,S,I,2
218,344.716,I,S,2
262,344,S,I,2
301,344.504,I,S,3
351,344,S,I,3
379,344,_,F,3
424,344,P,S,3
55,345,S,I,0
204,345,S,I,2
325,345,S,I,2
379,345,I,P,3
480,345.368,I,S,4
11,346,S,I,0
122,346,S,I,1
221,346,S,I,2
355,346,S,I,0
374,346,S,I,3
425,346,S,I,4
17,347.867,I,S,0
51,347.904,I,S,0
53,347,S,I,4
202,347.455,I,S,2
309,347.696,I,S,3
487,347,S,I,4
173,348,P,S,1
326,348.782,I,S,3
54,349,S,I,0
129,349.021,I,S,1
133,349,P,S,1
133,349,S,I,1
298,349,S,I,2
332,349,S,I,3
390,349,S,I,3
488,349.363,I,S,4
57,350,S,I,1
243,350,_,F,3
299,350,S,I,2
324,350,_,F,3
431,350,S,I,4
44,351,S,I,4
287,351,S,I,2
369,351,S,I,3
424,351,S,I,4
161,352,_,F,1
285,352,_,F,2
346,352,S,I,2
490,352,S,I,4
285,353,I,P,2
323,353,S,I,3
371,353.824,I,S,3
467,353.089,I,S,4
2,354,S,I,0
14,354,_,F,1
125,354.412,I,S,1
207,354,_,F,2
262,354,_,F,2
272,354,P,S,1
351,354,_,F,1
408,354,S,I,4
472,354.744,I,S,4
14,355,I,P,1
55,355,_,F,4
173,355,S,I,1
180,355.052,I,S,1
207,355,I,P,2
351,355,I,P,1
11,356,_,F,2
55,356,I,P,4
91,356,S,I,0
292,356,S,I,2
312,356,S,I,3
375,356,S,I,3
436,356.175,I,S,4
490,356.17,I,S,4
58,357,S,I,3
163,357,S,I,1
265,357,S,I,2
332,357.337,I,S,3
7,358.872,I,S,0
206,358,S,I,2
308,358.651,I,S,3
480,358,S,I,4
22,359.435,I,S,0
25,359.773,I,S,0
51,359,S,I,0
110,359.467,I,S,1
22,360,S,I,0
189,360.852,I,S,1
338,360.222,I,S,3
463,360,P,S,4
20,361.596,I,S,3
50,361.902,I,S,1
227,361.706,I,S,3
300,361.16,I,S,3
301,361,S,I,4
308,361,S,I,3
371,361,S,I,3
394,361,P,S,3
410,361.617,I,S,4
483,361,S,I,4
1,362.518,I,S,0
141,362.974,I,S,1
149,362.564,I,S,1
202,362,S,I,2
242,362.409,I,S,3
267,362.987,I,S,2
272,362,S,I,2
273,362,S,I,2
325,362.012,I,S,3
326,362,S,I,2
393,362.611,I,S,3
189,363,S,I,1
204,363.675,I,S,2
267,363,S,I,2
323,363,_,F,3
428,363,P,S,4
449,363,S,I,4
242,364,S,I,3
323,364,I,P,3
380,364.772,I,S,3
440,364.788,I,S,4
79,365,S,I,0
125,365,S,I,1
154,365,S,I,1
164,365.457,I,S,1
173,365,_,F,1
325,365,S,I,3
332,365,S,I,3
383,365.23,I,S,3
445,365.494,I,S,2
114,366.358,I,S,1
146,366.104,I,S,1
216,366.627,I,S,2
244,366,P,S,2
383,366,S,I,3
436,366,S,I,4
467,366,S,I,4
58,367,_,F,2
164,367,S,I,1
294,367.644,I,S,2
472,367,S,I,4
15,368,S,I,0
110,368,S,I,1
164,368.553,I,S,1
294,368,S,I,2
164,369,S,I,1
220,369.814,I,S,2
4,370.112,I,S,0
407,370,P,S,4
434,370,S,I,4
437,370.795,I,S,4
490,370,S,I,4
244,371,S,I,2
308,371,_,F,3
488,371,S,I,4
5,372.007,I,S,0
48,372.825,I,S,0
68,372.23,I,S,0
202,372,_,F,1
218,372,S,I,2
388,372,S,I,3
149,373,S,I,1
189,373,_,F,1
202,373,I,P,2
267,373,_,F,2
5,374,S,I,0
126,374,S,I,1
189,374,I,P,1
227,374,S,I,2
242,374,_,F,2
267,374,I,P,2
301,374.92,I,S,3
146,375,S,I,1
242,375,I,P,2
301,375,S,I,3
319,375.491,I,S,3
338,375,S,I,3
352,375,S,I,3
476,375,S,I,4
270,376,S,I,0
380,376,S,I,3
431,376.284,I,S,4
467,376,_,F,4
68,377,S,I,0
379,377,P,S,2
404,377.406,I,S,4
443,377.519,I,S,4
472,377,_,F,4
173,378.137,I,S,1
178,378.49,I,S,1
278,378,S,I,2
294,378,_,F,1
396,378,S,I,3
404,378,S,I,4
94,379.616,I,S,0
150,379.232,I,S,2
180,379,S,I,1
223,379,S,I,2
294,379,I,P,2
482,379.679,I,S,4
31,380.276,I,S,0
141,380,S,I,1
309,380,S,I,3
321,380.107,I,S,3
434,380,_,F,4
490,380,_,F,4
184,381.257,I,S,1
434,381,I,P,4
455,381.816,I,S,4
488,381,_,F,2
490,381,I,P,4
186,382.341,I,S,1
488,382,I,P,2
45,383.524,I,S,0
370,383.105,I,S,0
445,383,S,I,4
126,384,_,F,1
144,384.131,I,S,3
318,384.269,I,S,4
185,385,S,I,1
285,385,P,S,2
296,385.398,I,S,2
401,385.298,I,S,0
413,385,S,I,4
476,385,_,F,3
7,386,S,I,0
136,386.867,I,S,1
143,386.572,I,S,1
186,386,S,I,1
380,386,_,F,3
393,386,S,I,3
407,386,S,I,4
472,386.668,I,S,4
14,387,P,S,0
31,387,S,I,0
39,387.852,I,S,0
111,387.512,I,S,1
151,388,I,S,1
162,387.013,I,S,1
167,387,S,I,1
172,387.87,I,S,1
207,387,P,S,2
312,387.618,I,S,2
351,387,P,S,3
380,387,I,P,3
55,388,P,S,4
61,388,S,I,0
105,388.164,I,S,4
108,388.924,I,S,1
111,388,S,I,1
123,388.908,I,S,2
129,388,S,I,1
186,388.904,I,S,1
200,388,S,I,2
404,388,_,F,4
76,389.941,I,S,1
162,389,S,I,1
261,389.981,I,S,2
437,389,S,I,4
494,389.131,I,S,4
94,390,S,I,0
141,390,_,F,1
250,390.371,I,S,2
296,390,S,I,2
299,390.526,I,S,2
336,390.325,I,S,3
422,390.106,I,S,4
141,391,I,P,1
194,391.448,I,S,1
204,391,S,I,2
226,391.201,I,S,3
336,391,S,I,1
494,391,S,I,4
20,392,S,I,0
123,392,S,I,1
235,392.261,I,S,2
299,392,S,I,2
394,392,S,I,3
235,393,S,I,2
346,393.276,I,S,3
445,393,_,F,4
455,393,S,I,4
482,393,S,I,3
2,394.388,I,S,0
39,394,S,I,0
48,394,S,I,0
136,394,S,I,1
431,394,S,I,4
1,395,S,I,0
185,395,_,F,1
285,395,S,I,2
321,395,S,I,3
341,395.019,I,S,3
413,395,_,F,4
441,395,S,I,4
45,396,S,I,0
138,396,S,I,0
312,396,S,I,3
323,396,P,S,3
344,396.19,I,S,1
346,396,S,I,3
413,396,I,P,4
31,397,_,F,0
105,397,S,I,1
151,397,S,I,1
323,397,S,I,3
341,397,S,I,0
433,397.882,I,S,4
443,397,S,I,4
31,398,I,P,0
61,398,_,F,0
125,398.198,I,S,1
129,398,_,F,2
207,398,S,I,2
17,399,S,I,0
129,399,I,P,2
146,399.831,I,S,1
318,399,S,I,3
332,399.42,I,S,3
335,399.82,I,S,0
379,399,S,I,3
43,400.891,I,S,0
55,400,S,I,0
370,400,S,I,3
401,400,S,I,2
442,400.488,I,S,4
4,401,S,I,0
146,401,S,I,1
177,401.671,I,S,0
204,401,_,F,2
261,401,S,I,0
328,401.424,I,S,3
2,402,S,I,0
20,402,_,F,0
50,402,S,I,0
162,402.962,I,S,1
319,402,S,I,3
442,402,S,I,4
454,402.072,I,S,4
20,403,I,P,0
25,403,S,I,0
184,403,S,I,1
246,403.947,I,S,2
280,403.932,I,S,2
303,403.546,I,S,3
328,403,S,I,3
482,403,_,F,4
39,404,_,F,3
43,404,S,I,0
48,404,_,F,0
50,404.956,I,S,0
303,404,S,I,3
326,404.97,I,S,3
361,404.304,I,S,3
428,404,S,I,4
1,405,_,F,0
48,405,I,P,0
202,405,P,S,2
250,405,S,I,2
273,405.459,I,S,2
314,405.274,I,S,3
410,405,S,I,4
422,405,S,I,4
45,406,_,F,0
138,406,_,F,1
189,406,P,S,1
189,406,S,I,1
210,406.017,I,S,2
267,406,P,S,2
344,406,S,I,3
346,406,_,F,3
370,406.613,I,S,3
405,406.821,I,S,1
457,406,S,I,4
45,407,I,P,0
76,407,S,I,0
130,407.896,I,S,1
242,407,P,S,2
346,407,I,P,3
454,407,S,I,4
119,408.366,I,S,1
347,408.781,I,S,3
361,408,S,I,3
400,408.571,I,S,4
433,408,S,I,4
130,409,S,I,1
143,409,S,I,1
177,409,S,I,1
202,409,S,I,2
253,409.616,I,S,2
318,409,_,F,3
379,409,_,F,3
437,409.819,I,S,4
476,409.075,I,S,4
55,410,_,F,0
61,410.145,I,S,0
150,410,S,I,1
194,410,S,I,4
205,410.126,I,S,2
206,410.842,I,S,2
318,410,I,P,3
379,410,I,P,3
14,411,S,I,0
55,411,I,P,0
145,411.998,I,S,1
173,411,S,I,1
253,411,S,I,2
261,411,_,F,2
294,411,P,S,2
351,411,S,I,4
2,412,_,F,0
165,412.642,I,S,1
206,412,S,I,2
261,412,I,P,2
319,412,_,F,3
332,412,S,I,3
421,412.362,I,S,4
434,413,P,S,4
490,413,P,S,4
264,414.533,I,S,4
267,414,S,I,2
326,414,S,I,3
364,414.837,I,S,3
419,414.767,I,S,4
428,414,_,F,4
488,414,P,S,4
103,415.68,I,S,1
335,415,S,I,3
419,415,S,I,4
421,415,S,I,4
490,415,S,I,4
103,416,S,I,1
140,416.403,I,S,1
210,416,S,I,2
400,416,S,I,4
108,417,S,I,1
162,417,S,I,1
197,417.409,I,S,1
216,417,S,I,2
280,417,S,I,2
344,417.539,I,S,3
347,417,S,I,4
454,417,_,F,4
457,417.162,I,S,4
21,418.981,I,S,0
95,418.951,I,S,4
131,418.178,I,S,1
205,418,S,I,2
239,418.798,I,S,2
314,418,S,I,3
361,418,_,F,3
433,418,_,F,4
454,418,I,P,4
109,419.87,I,S,1
118,419.892,I,S,1
130,419,_,F,1
193,419.475,I,S,1
300,419,S,I,3
344,419,S,I,3
361,419,I,P,3
380,419,P,S,3
380,419,S,I,3
437,419,S,I,4
488,419,S,I,4
37,420.611,I,S,0
102,420.853,I,S,1
150,420,_,F,1
194,420,_,F,4
14,421,_,F,0
95,421,S,I,0
150,421,I,P,1
194,421,I,P,4
284,421.886,I,S,2
351,421,_,F,3
380,421.517,I,S,3
408,421.141,I,S,4
472,421,S,I,4
476,421,S,I,1
14,422,I,P,0
114,422,S,I,1
125,422,S,I,1
250,422.745,I,S,2
256,422.659,I,S,2
351,422,I,P,3
440,422,S,I,3
141,423,P,S,1
144,423,S,I,1
186,423,S,I,1
242,423,S,I,2
254,423.344,I,S,2
220,424,S,I,2
267,424,_,F,2
390,424.759,I,S,4
419,425,_,F,4
440,425.319,I,S,4
490,425,_,F,4
375,426.849,I,S,3
378,426.301,I,S,3
400,426,_,F,4
405,426,S,I,4
490,426,I,P,4
197,427,S,I,1
284,427,S,I,2
293,427.163,I,S,0
310,427.925,I,S,3
364,427,S,I,3
400,427,I,P,4
453,427.174,I,S,4
474,427.404,I,S,4
60,428.061,I,S,0
118,428,S,I,1
133,428.38,I,S,1
263,428.469,I,S,2
314,428,_,F,3
325,428.348,I,S,3
385,428.079,I,S,3
405,428.207,I,S,4
413,428,P,S,4
440,428,S,I,4
5,429.95,I,S,0
60,429,S,I,0
131,429,S,I,3
250,429,S,I,2
280,429.384,I,S,2
310,429,S,I,3
452,429.648,I,S,0
469,429.672,I,S,4
474,429,S,I,4
488,429,_,F,4
31,430,P,S,0
109,430,S,I,1
309,430.301,I,S,3
325,430,S,I,3
408,430,S,I,4
452,430,S,I,0
477,430.625,I,S,2
61,431,S,I,0
129,431,P,S,1
267,431.543,I,S,2
305,431.176,I,S,3
309,431,S,I,3
472,431.746,I,S,4
114,432,_,F,4
125,432,_,F,1
171,432.666,I,S,1
172,432,S,I,2
256,432,S,I,2
294,432,S,I,2
410,432.589,I,S,4
426,432.007,I,S,4
433,432.488,I,S,4
457,432,S,I,3
477,432,S,I,2
50,433,S,I,2
68,433.916,I,S,0
114,433,I,P,1
144,433,_,F,2
264,433,S,I,2
492,433.533,I,S,4
4,434.065,I,S,0
263,434,S,I,2
307,434.657,I,S,3
469,434,S,I,4
20,435,P,S,0
141,435,S,I,1
268,435.099,I,S,2
352,435.3,I,S,4
86,436.962,I,S,0
118,436.505,I,S,1
224,436.202,I,S,2
234,436.529,I,S,2
249,436.173,I,S,2
475,436.912,I,S,4
5,437,S,I,0
48,437,P,S,0
95,437.387,I,S,2
197,437,_,F,1
280,437,S,I,2
313,437.686,I,S,3
338,437.147,I,S,3
363,437.826,I,S,3
364,437,_,F,3
489,437.823,I,S,4
89,438.497,I,S,0
234,438,S,I,2
364,438,I,P,3
405,438,S,I,4
440,438,_,F,4
456,438.123,I,S,4
45,439,P,S,0
89,439,S,I,0
268,439,S,I,2
346,439,P,S,3
352,439,S,I,3
474,439,_,F,4
475,439,S,I,4
45,440,S,I,0
109,440,_,F,1
154,440.263,I,S,1
196,440.078,I,S,1
246,440,S,I,2
325,440,_,F,3
342,440.778,I,S,3
345,440.216,I,S,3
474,440,I,P,4
61,441,_,F,0
325,441,I,P,3
346,441,S,I,3
492,441,S,I,1
7,442.96,I,S,3
31,442,S,I,0
282,442.36,I,S,2
307,442,S,I,3
318,442,P,S,3
348,442.288,I,S,3
379,442,P,S,0
477,442,_,F,3
20,443,S,I,0
37,443,S,I,0
46,443.289,I,S,0
50,443,_,F,0
55,443,P,S,0
196,443,S,I,1
477,443,I,P,4
46,444,S,I,0
50,444,I,P,0
98,444.893,I,S,0
133,444,S,I,0
199,444.922,I,S,1
224,444,S,I,2
254,444,S,I,2
261,444,P,S,2
4,445,S,I,0
13,445.253,I,S,0
102,445,S,I,1
165,445,S,I,1
318,445,S,I,3
342,445,S,I,3
293,446,S,I,2
348,446,S,I,1
380,446,S,I,3
426,446,S,I,4
448,446.315,I,S,4
78,447.176,I,S,0
316,447.855,I,S,3
388,447.074,I,S,3
489,447,S,I,4
21,448,S,I,0
120,448.314,I,S,1
127,448.837,I,S,1
159,448.106,I,S,1
370,448,S,I,3
405,448,_,F,4
10,449.674,I,S,0
206,449.506,I,S,2
302,449.429,I,S,3
313,449,S,I,3
405,449,I,P,4
475,449,_,F,2
105,450.704,I,S,1
297,450.521,I,S,4
454,450,P,S,4
472,450,S,I,4
16,451.767,I,S,0
98,451,S,I,0
361,451,P,S,3
379,451,S,I,3
410,451,S,I,4
68,452,S,I,0
71,452.104,I,S,0
171,452,S,I,1
211,452.215,I,S,2
249,452,S,I,2
323,452.413,I,S,3
134,453.837,I,S,1
150,453,P,S,1
150,453,S,I,1
194,453,P,S,1
267,453,S,I,2
305,453,S,I,3
495,453.584,I,S,4
14,454,P,S,0
224,454,_,F,2
228,454.762,I,S,2
272,454.307,I,S,2
304,454.787,I,S,3
351,454,P,S,3
4,455,_,F,0
102,455,_,F,1
127,455,S,I,1
140,455,S,I,1
224,455,I,P,2
239,455,S,I,2
296,455.112,I,S,0
342,455,_,F,3
48,456,S,I,0
95,456,S,I,0
121,456.149,I,S,1
159,456,S,I,1
163,456.075,I,S,3
444,456.588,I,S,4
470,456.717,I,S,4
7,457,S,I,0
55,457,S,I,0
118,457,S,I,1
120,457,S,I,1
197,457.835,I,S,1
297,457,S,I,2
424,457.102,I,S,4
491,457.735,I,S,4
183,458.187,I,S,3
351,458,S,I,3
375,458,S,I,3
490,458,P,S,4
71,459,S,I,0
163,459,S,I,3
197,459,S,I,1
323,459,S,I,3
400,459,P,S,4
455,459.517,I,S,4
52,460.442,I,S,0
105,460,S,I,1
149,460.212,I,S,1
194,460,S,I,1
282,460,S,I,2
472,460,_,F,4
312,461.896,I,S,3
389,461.551,I,S,3
472,461,I,P,4
13,462,S,I,0
129,462,S,I,1
424,462,S,I,4
453,462,S,I,4
199,463,S,I,1
267,463,_,F,2
305,463,_,F,3
348,463.066,I,S,2
416,463.909,I,S,4
463,463,S,I,4
82,464.047,I,S,0
149,464,S,I,1
178,464,S,I,2
214,464.795,I,S,2
267,464,I,P,2
378,464,S,I,3
3,465.844,I,S,0
114,465,P,S,1
127,465,_,F,1
388,465,S,I,3
453,465.352,I,S,4
483,465.976,I,S,4
14,466,S,I,2
48,466,_,F,0
95,466,_,F,0
127,466,I,P,1
345,466,S,I,0
413,466,S,I,4
3,467,S,I,0
24,467.252,I,S,0
48,467,I,P,0
55,467,_,F,0
118,467,_,F,1
228,467,S,I,2
327,467.325,I,S,3
55,468,I,P,0
118,468,I,P,1
221,468.084,I,S,2
316,468,S,I,2
333,468.003,I,S,3
366,468.704,I,S,3
444,468,S,I,4
71,469,_,F,0
188,469.217,I,S,3
197,469,_,F,4
263,469.033,I,S,1
302,469,S,I,2
323,469,_,F,3
363,469,S,I,2
7,470.725,I,S,0
91,470.124,I,S,0
187,470.828,I,S,1
197,470,I,P,4
208,470.529,I,S,2
221,470,S,I,2
282,470,_,F,2
323,470,I,P,3
338,470,S,I,0
364,470,P,S,3
434,470,S,I,4
454,470,S,I,4
495,470,S,I,4
86,471,S,I,0
119,471,S,I,1
151,471.058,I,S,1
187,471,S,I,1
188,471,S,I,3
272,471,S,I,2
385,471,S,I,3
400,471,S,I,4
448,471,S,I,4
58,472.44,I,S,0
115,472.781,I,S,1
182,472.333,I,S,1
211,472,S,I,3
424,472,_,F,4
453,472,S,I,2
474,472,P,S,3
325,473,P,S,0
348,473,S,I,3
397,473.794,I,S,3
419,473.662,I,S,4
424,473,I,P,4
463,473,_,F,4
10,474,S,I,0
201,474.24,I,S,0
378,474,_,F,3
455,474,S,I,4
474,474,S,I,4
332,475.263,I,S,3
378,475,I,P,3
477,475,P,S,4
14,476,_,F,0
50,476,P,S,0
58,476,S,I,0
145,476,S,I,1
150,476.075,I,S,1
273,476,S,I,2
413,476,_,F,4
419,476,S,I,4
3,477,_,F,0
78,477,S,I,0
155,477.542,I,S,1
211,477.778,I,S,4
228,477,_,F,2
312,477,S,I,3
361,477,S,I,3
413,477,I,P,4
466,477.535,I,S,4
470,477,S,I,4
228,478,I,P,3
244,478.741,I,S,2
304,478,S,I,3
491,478,S,I,4
7,479,S,I,0
88,479.527,I,S,0
91,479,S,I,0
211,479,S,I,4
217,479.286,I,S,0
245,479.229,I,S,4
321,479.819,I,S,3
366,479,S,I,3
397,479,S,I,3
466,479,S,I,4
182,480,S,I,1
454,480,_,F,4
495,480,_,F,4
24,481,S,I,0
31,481.015,I,S,0
100,481.692,I,S,1
104,481.716,I,S,1
119,481,_,F,1
150,481,S,I,1
214,481,S,I,2
385,481,_,F,0
401,481.681,I,S,4
405,481,P,S,4
443,481.767,I,S,4
454,481,I,P,4
497,481.837,I,S,4
150,482.671,I,S,1
201,482,S,I,2
364,482,S,I,0
385,482,I,P,0
444,482.935,I,S,4
451,482.583,I,S,4
453,482,_,F,3
487,482.326,I,S,4
58,483.529,I,S,0
203,483.499,I,S,2
208,483,S,I,2
262,483.503,I,S,4
483,483,S,I,4
88,484,S,I,0
298,484.177,I,S,2
321,484,S,I,3
390,484,S,I,3
490,484,S,I,4
115,485,S,I,1
206,485,S,I,2
225,485.201,I,S,1
245,485,S,I,2
450,485.006,I,S,4
192,486.74,I,S,2
419,486,_,F,4
477,486,S,I,4
78,487,_,F,0
82,487,S,I,0
224,487,P,S,2
230,487.8,I,S,2
261,487,S,I,2
312,487,_,F,3
58,488,S,I,0
78,488,I,P,0
150,488,S,I,1
189,488.212,I,S,1
216,488.269,I,S,2
286,488.843,I,S,2
298,488,S,I,2
491,488,_,F,4
155,489,S,I,1
224,489,S,I,2
235,489.419,I,S,2
263,489,S,I,2
366,489,_,F,3
130,490.112,I,S,1
154,490,S,I,1
203,491,S,I,2
347,491.857,I,S,3
111,492.304,I,S,1
201,492,_,F,2
225,492,S,I,3
371,492.974,I,S,3
201,493,I,P,2
252,493.889,I,S,2
370,493.32,I,S,3
403,493.736,I,S,4
472,493,P,S,1
255,494.118,I,S,2
349,494.952,I,S,3
414,494.434,I,S,4
134,495,S,I,1
140,495.957,I,S,1
245,495,_,F,3
252,495,S,I,2
93,496.126,I,S,0
109,496.204,I,S,1
111,496,S,I,1
140,496,S,I,1
262,496,S,I,4
267,496,P,S,2
388,496.617,I,S,3
456,496,S,I,4
477,496,_,F,4
82,497,_,F,0
128,497.328,I,S,1
203,497.592,I,S,2
444,497,S,I,4
114,498,S,I,1
127,498,P,S,2
128,498,S,I,1
298,498,_,F,2
368,498.25,I,S,0
451,498,S,I,4
5,499.631,I,S,0
48,499,P,S,0
203,499,S,I,2
263,499,_,F,2
389,499,S,I,3
2,500,_,PEvaxx,0
2,500,I,P,0
3,500,_,PEvaxx,0
3,500,I,P,0
9,500,_,PEvaxx,0
9,500,I,P,0
12,500,_,PEvaxx,0
12,500,I,P,0
16,500,S,I,0
18,500,_,PEvaxx,0
18,500,I,P,0
22,500,_,PEvaxx,0
22,500,I,P,0
27,500,_,PEvaxx,0
27,500,I,P,0
29,500,_,PEvaxx,0
29,500,I,P,0
30,500,_,PEvaxx,0
30,500,I,P,0
37,500,_,PEvaxx,0
37,500,I,P,0
38,500,_,PEvaxx,0
38,500,I,P,0
41,500,_,PEvaxx,0
41,500,I,P,0
46,500,_,PEvaxx,0
46,500,I,P,0
48,500,_,PEvaxx,0
48,500,S,P,0
50,500,_,PEvaxx,0
50,500,S,P,0
53,500,_,PEvaxx,0
53,500,I,P,0
55,500,P,S,0
55,500,S,I,0
57,500,_,PEvaxx,0
57,500,I,P,0
58,500,_,PEvaxx,0
58,500,I,P,0
63,500,_,PEvaxx,4
63,500,I,P,4
68,500,_,PEvaxx,3
68,500,I,P,3
69,500,_,PEvaxx,0
69,500,I,P,0
74,500,_,PEvaxx,0
74,500,I,P,0
82,500,_,PEvaxx,0
82,500,I,P,0
90,500,_,PEvaxx,0
90,500,I,P,0
93,500,_,PEvaxx,0
93,500,S,P,0
94,500,_,PEvaxx,0
94,500,I,P,0
96,500,_,PEvaxx,0
96,500,I,P,0
97,500,_,PEvaxx,2
97,500,I,P,2
105,500,_,PEvaxx,1
105,500,I,P,1
109,500,S,I,1
114,500,_,PEvaxx,1
114,500,I,P,1
117,500,_,PEvaxx,1
117,500,I,P,1
118,500,_,PEvaxx,1
118,500,P,P,1
119,500.767,I,S,4
121,500,_,PEvaxx,1
121,500,S,P,1
125,500,_,PEvaxx,1
125,500,I,P,1
128,500,_,PEvaxx,1
128,500,I,P,1
130,500,_,PEvaxx,1
130,500,S,P,1
136,500,_,PEvaxx,1
136,500,I,P,1
142,500,_,PEvaxx,1
142,500,I,P,1
144,500,_,PEvaxx,1
144,500,I,P,1
145,500,_,PEvaxx,1
145,500,I,P,1
146,500,_,PEvaxx,3
146,500,I,P,3
147,500,_,PEvaxx,1
147,500,I,P,1
151,500,S,I,1
152,500,_,PEvaxx,1
152,500,I,P,1
154,500,_,PEvaxx,2
154,500,I,P,2
154,500,_,F,2
157,500,_,PEvaxx,1
157,500,I,P,1
158,500,_,PEvaxx,1
158,500,I,P,1
163,500,_,PEvaxx,1
163,500,I,P,1
169,500,_,PEvaxx,1
169,500,I,P,1
177,500,_,PEvaxx,1
177,500,I,P,1
179,500,_,PEvaxx,1
179,500,I,P,1
184,500,_,PEvaxx,1
184,500,I,P,1
187,500,_,PEvaxx,1
187,500,I,P,1
193,500,S,I,1
194,500,_,PEvaxx,3
194,500,I,P,3
203,500,_,PEvaxx,2
203,500,I,P,2
204,500,_,PEvaxx,2
204,500,I,P,2
206,500,_,PEvaxx,2
206,500,I,P,2
207,500,_,PEvaxx,2
207,500,I,P,2
213,500,_,PEvaxx,1
213,500,I,P,1
214,500,_,PEvaxx,2
214,500,I,P,2
216,500,_,PEvaxx,2
216,500,S,P,2
221,500,_,PEvaxx,2
221,500,I,P,2
226,500,_,PEvaxx,2
226,500,S,P,2
232,500,_,PEvaxx,2
232,500,I,P,2
248,500,_,PEvaxx,2
248,500,I,P,2
252,500,_,PEvaxx,2
252,500,I,P,2
262,500,_,PEvaxx,2
262,500,I,P,2
270,500,_,PEvaxx,2
270,500,I,P,2
282,500,_,PEvaxx,2
282,500,I,P,2
283,500,_,PEvaxx,2
283,500,I,P,2
286,500,_,PEvaxx,2
286,500,S,P,2
292,500,_,PEvaxx,2
292,500,I,P,2
305,500,_,PEvaxx,3
305,500,I,P,3
318,500,_,PEvaxx,3
318,500,I,P,3
321,500,_,PEvaxx,3
321,500,I,P,3
327,500,_,PEvaxx,0
327,500,S,P,0
329,500,_,PEvaxx,3
329,500,I,P,3
332,500,_,PEvaxx,2
332,500,S,P,2
336,500,_,PEvaxx,1
336,500,I,P,1
340,500,_,PEvaxx,3
340,500,I,P,3
343,500,_,PEvaxx,3
343,500,I,P,3
347,500,_,PEvaxx,3
347,500,S,P,3
348,500,_,PEvaxx,3
348,500,I,P,3
349,500,_,PEvaxx,3
349,500,S,P,3
365,500,_,PEvaxx,3
365,500,I,P,3
366,500,_,PEvaxx,3
366,500,I,P,3
369,500,_,PEvaxx,4
369,500,I,P,4
370,500,_,PEvaxx,0
370,500,S,P,0
372,500,_,PEvaxx,3
372,500,I,P,3
373,500,_,PEvaxx,3
373,500,I,P,3
378,500,_,PEvaxx,3
378,500,P,P,3
380,500,_,PEvaxx,1
380,500,I,P,1
384,500,_,PEvaxx,2
384,500,I,P,2
385,500,_,PEvaxx,3
385,500,P,P,3
387,500,_,PEvaxx,2
387,500,I,P,2
393,500,_,PEvaxx,3
393,500,I,P,3
396,500,_,PEvaxx,3
396,500,I,P,3
397,500,_,PEvaxx,0
397,500,I,P,0
398,500,_,PEvaxx,3
398,500,I,P,3
400,500,_,PEvaxx,4
400,500,I,P,4
403,500,_,PEvaxx,4
403,500,S,P,4
404,500,_,PEvaxx,4
404,500,I,P,4
410,500,_,PEvaxx,4
410,500,I,P,4
412,500,_,PEvaxx,4
412,500,I,P,4
413,500,_,PEvaxx,4
413,500,P,P,4
414,500,_,PEvaxx,3
414,500,S,P,3
415,500,_,PEvaxx,4
415,500,I,P,4
416,500,_,PEvaxx,4
416,500,S,P,4
419,500,_,PEvaxx,3
419,500,I,P,3
422,500,_,PEvaxx,4
422,500,I,P,4
425,500,_,PEvaxx,4
425,500,I,P,4
429,500,_,PEvaxx,4
429,500,I,P,4
435,500,_,PEvaxx,4
435,500,I,P,4
441,500,_,PEvaxx,4
441,500,I,P,4
443,500,_,PEvaxx,4
443,500,S,P,4
446,500,_,PEvaxx,4
446,500,I,P,4
448,500,_,PEvaxx,4
448,500,I,P,4
458,500,_,PEvaxx,4
458,500,I,P,4
462,500,_,PEvaxx,4
462,500,I,P,4
466,500,_,PEvaxx,4
466,500,I,P,4
471,500,_,PEvaxx,4
471,500,I,P,4
483,500,_,PEvaxx,4
483,500,I,P,4
489,500,_,PEvaxx,4
489,500,I,P,4
490,500,_,PEvaxx,4
490,500,I,P,4
495,500,_,PEvaxx,3
495,500,I,P,3
497,500,_,PEvaxx,4
497,500,S,P,4
44,501.627,I,S,0
119,501,S,I,4
324,501.814,I,S,3
44,502,S,I,0
197,502,P,S,0
235,502,S,I,2
323,502,P,S,3
405,502,S,I,4
43,503.566,I,S,0
79,503.18,I,S,0
104,503,S,I,3
267,503,S,I,2
281,503.921,I,S,2
342,503.829,I,S,3
170,504.854,I,S,1
134,505,_,F,1
281,505,S,I,2
333,505,S,I,3
388,505,S,I,3
424,505,P,S,3
52,506,S,I,0
111,506,_,F,4
134,506,I,P,1
244,506,S,I,2
375,506.128,I,S,3
401,506,S,I,4
111,507,I,P,4
424,507,S,I,3
444,507,_,F,4
11,508.391,I,S,1
14,508.484,I,S,0
114,508,_,F,1
242,508.323,I,S,2
255,508,S,I,2
261,508.169,I,S,2
444,508,I,P,4
451,508,_,F,4
114,509,P,P,1
195,509.134,I,S,1
303,509.314,I,S,3
451,509,I,P,4
55,510,_,F,0
88,510.988,I,S,4
127,510,S,I,1
151,510,_,F,1
174,510.626,I,S,1
195,510,S,I,1
228,510,P,S,2
55,511,I,P,0
119,511,_,F,4
170,511,S,I,1
437,511.324,I,S,4
44,512,_,F,0
183,512,S,I,1
235,512,_,F,2
261,512,S,I,2
295,512.059,I,S,2
351,512.8,I,S,3
174,513,S,I,1
192,513,S,I,1
242,513,S,I,2
267,513,_,F,2
304,513.209,I,S,3
454,513,P,S,4
454,513,S,I,4
496,513.693,I,S,4
267,514,I,P,2
7,515.241,I,S,0
217,515,S,I,2
388,515,_,F,3
423,515.333,I,S,4
485,515.839,I,S,2
487,515,S,I,4
487,515.575,I,S,4
325,516,S,I,3
230,517,S,I,2
238,517.833,I,S,2
241,517.872,I,S,2
258,517.53,I,S,2
353,517.685,I,S,3
408,517.394,I,S,4
424,517,_,F,3
7,518,S,I,3
100,518,S,I,4
303,518,S,I,3
371,518,S,I,3
424,518,I,P,3
485,518,S,I,2
288,519.789,I,S,2
324,519,S,I,3
78,520,P,S,0
189,520,S,I,1
296,520,S,I,3
304,520,S,I,3
306,520.457,I,S,3
351,520,S,I,3
360,520.662,I,S,3
382,520.017,I,S,3
496,520,S,I,2
14,521,S,I,4
43,521,S,I,0
183,522,_,F,4
261,522,_,F,3
307,522.038,I,S,3
445,522.816,I,S,4
287,523.281,I,S,2
54,524.668,I,S,0
193,524.557,I,S,3
271,524.108,I,S,2
323,524,S,I,3
423,524,S,I,4
477,524.608,I,S,4
482,524.328,I,S,4
201,525,P,S,2
217,525,_,F,2
228,525,S,I,4
241,525,S,I,3
342,525,S,I,3
390,525.707,I,S,3
159,526.203,I,S,4
217,526,I,P,2
325,526,_,F,3
433,526,S,I,4
447,526.089,I,S,4
103,527.451,I,S,1
201,527,S,I,2
325,527,I,P,3
271,528,S,I,2
371,528,_,F,2
382,528,S,I,0
482,528,S,I,4
485,528,_,F,4
288,529,S,I,2
371,529,I,P,2
189,530,_,F,1
360,530,S,I,3
368,530,S,I,3
487,531,S,I,4
2,532,P,S,0
3,532,P,S,0
9,532,P,S,0
12,532,P,S,0
13,532.026,I,S,4
18,532,P,S,0
22,532,P,S,0
27,532,P,S,0
29,532,P,S,0
30,532,P,S,0
37,532,P,S,4
38,532,P,S,0
41,532,P,S,0
46,532,P,S,0
48,532,P,S,0
50,532,P,S,0
53,532,P,S,0
57,532,P,S,0
58,532,P,S,0
63,532,P,S,0
68,532,P,S,3
69,532,P,S,0
74,532,P,S,0
82,532,P,S,0
86,532.196,I,S,0
90,532,P,S,0
93,532,P,S,1
94,532,P,S,0
96,532,P,S,4
97,532,P,S,0
105,532,P,S,1
117,532,P,S,2
118,532,P,S,1
121,532,P,S,1
125,532,P,S,1
128,532,P,S,4
130,532,P,S,1
136,532,P,S,1
142,532,P,S,1
144,532,P,S,1
145,532,P,S,1
146,532,P,S,1
147,532,P,S,1
152,532,P,S,1
154,532,P,S,1
157,532,P,S,1
158,532,P,S,4
163,532,P,S,1
169,532,P,S,4
177,532,P,S,1
179,532,P,S,1
184,532,P,S,1
187,532,P,S,1
194,532,P,S,1
203,532,P,S,2
204,532,P,S,4
206,532,P,S,2
207,532,P,S,2
213,532,P,S,2
214,532,P,S,2
216,532,P,S,2
221,532,P,S,2
226,532,P,S,2
232,532,P,S,2
248,532,P,S,2
252,532,P,S,2
262,532,P,S,2
270,532,P,S,2
282,532,P,S,2
283,532,P,S,2
286,532,P,S,2
292,532,P,S,2
305,532,P,S,3
318,532,P,S,3
321,532,P,S,3
323,532.431,I,S,3
327,532,P,S,3
329,532,P,S,3
332,532,P,S,3
336,532,P,S,3
340,532,P,S,3
343,532,P,S,3
347,532,P,S,3
348,532,P,S,3
349,532,P,S,3
351,532.78,I,S,3
365,532,P,S,0
366,532,P,S,3
369,532,P,S,3
370,532,P,S,1
372,532,P,S,3
373,532,P,S,3
378,532,P,S,3
380,532,P,S,0
384,532,P,S,3
385,532,P,S,3
387,532,P,S,2
393,532,P,S,3
396,532,P,S,2
397,532,P,S,3
398,532,P,S,3
400,532,P,S,4
403,532,P,S,4
404,532,P,S,4
410,532,P,S,4
412,532,P,S,4
413,532,P,S,4
414,532,P,S,4
415,532,P,S,4
416,532,P,S,1
419,532,P,S,1
422,532,P,S,4
425,532,P,S,2
429,532,P,S,4
435,532,P,S,4
441,532,P,S,4
443,532,P,S,4
446,532,P,S,4
448,532,P,S,4
458,532,P,S,4
462,532,P,S,3
466,532,P,S,1
471,532,P,S,2
483,532,P,S,4
489,532,P,S,4
490,532,P,S,4
495,532,P,S,4
497,532,P,S,2
402,533.435,I,S,4
467,533.056,I,S,4
88,534,S,I,0
182,534.007,I,S,2
281,534.068,I,S,2
285,534.013,I,S,2
328,534.056,I,S,3
390,534,S,I,3
437,534,S,I,4
54,535,S,I,0
193,535,S,I,1
265,535.207,I,S,2
185,536.111,I,S,1
307,536,S,I,3
317,537.065,I,S,3
323,537,S,I,3
359,537.214,I,S,3
407,537.53,I,S,4
445,537,S,I,4
467,537,S,I,4
44,538.719,I,S,0
134,538,P,S,1
140,538.019,I,S,1
382,538,_,F,3
395,538.776,I,S,4
111,539,P,S,0
310,539.762,I,S,3
467,539.753,I,S,4
159,540,S,I,1
231,540.84,I,S,1
265,540,S,I,2
313,540.927,I,S,3
407,540,S,I,4
444,540,P,S,4
114,541,P,S,1
316,541.168,I,S,3
353,541,S,I,3
389,541.23,I,S,3
451,541,P,S,4
467,541,S,I,4
487,541,_,F,4
474,542.083,I,S,4
487,542,I,P,4
31,543,S,I,0
44,543,S,I,0
55,543,P,S,0
258,543,S,I,2
328,543,S,I,3
180,544.127,I,S,1
197,544,S,I,1
199,544.36,I,S,1
211,544.694,I,S,2
281,544,S,I,2
310,544,S,I,3
390,544,_,F,3
5,545,S,I,1
78,545,S,I,2
116,545.294,I,S,1
390,545,I,P,3
408,545,S,I,4
444,545,S,I,4
491,545.825,I,S,4
267,546,P,S,2
359,546,S,I,3
7,547.408,I,S,0
49,547.07,I,S,0
255,547.102,I,S,2
420,547.456,I,S,4
79,548,S,I,0
135,548.201,I,S,1
153,548.88,I,S,1
451,548,S,I,4
465,548.016,I,S,4
472,548,S,I,4
482,548.029,I,S,4
317,549,S,I,3
13,550,S,I,0
71,550.026,I,S,0
133,550.181,I,S,1
159,550,_,F,1
253,550.88,I,S,2
313,550,S,I,3
424,550,P,S,4
424,550,S,I,4
467,551,_,F,4
84,552.599,I,S,3
153,552,S,I,1
7,553,S,I,0
19,553.286,I,S,0
49,553,S,I,0
208,553.873,I,S,2
227,553.029,I,S,2
428,553.106,I,S,4
200,554.526,I,S,2
208,554,S,I,2
241,554.55,I,S,2
316,554,S,I,3
389,554,S,I,3
78,555,_,F,0
135,555,S,I,4
140,555,S,I,1
287,556,S,I,2
377,556.243,I,S,3
405,556.699,I,S,4
44,557.432,I,S,0
168,557.389,I,S,1
227,557,S,I,2
285,557,S,I,3
324,557.901,I,S,3
44,558,S,I,0
217,558,P,S,2
229,558.629,I,S,4
273,558.529,I,S,2
277,558.081,I,S,2
485,558.099,I,S,4
150,559.079,I,S,1
231,559,S,I,2
325,559,P,S,3
465,559,S,I,4
470,559.73,I,S,4
488,559.602,I,S,4
134,560,S,I,3
277,560,S,I,3
407,560.624,I,S,4
424,560,_,F,4
488,560,S,I,4
150,561,S,I,1
330,561.917,I,S,3
371,561,P,S,4
424,561,I,P,4
141,562.931,I,S,1
256,562.255,I,S,2
7,563,_,F,1
253,563,S,I,2
295,563,S,I,2
395,563,S,I,3
399,563.681,I,S,3
438,563.015,I,S,4
454,563.493,I,S,4
87,564.65,I,S,0
381,564.151,I,S,3
389,564,_,F,3
135,565,_,F,1
200,565,S,I,2
356,565.532,I,S,1
405,565,S,I,4
438,565,S,I,4
482,565,S,I,4
87,566,S,I,0
135,566,I,P,1
199,566,S,I,4
442,566.638,I,S,4
139,567.747,I,S,1
227,567,_,F,2
267,567,S,I,2
307,567.822,I,S,3
375,567,S,I,3
399,567,S,I,3
477,567,S,I,4
15,568.848,I,S,0
324,568,S,I,3
377,568,S,I,1
491,568,S,I,4
493,568.233,I,S,4
10,569.14,I,S,0
88,569.683,I,S,0
254,569.087,I,S,2
257,569.261,I,S,2
351,569,S,I,3
485,569,S,I,4
5,570.595,I,S,0
167,570.396,I,S,1
211,570,S,I,2
488,570,_,F,4
150,571,_,F,1
470,571,S,I,4
488,571,I,P,4
229,572,S,I,2
331,572.697,I,S,3
442,572,S,I,4
496,572.168,I,S,4
123,573.646,I,S,1
295,573,_,F,2
356,573,S,I,3
6,574.876,I,S,0
238,574,S,I,2
391,574.334,I,S,3
487,574,P,S,4
200,575,_,F,2
334,575.256,I,S,3
407,575,S,I,4
482,575,_,F,4
484,575.152,I,S,4
0,576.672,I,S,0
87,576,_,F,0
269,576.993,I,S,2
371,576,S,I,3
87,577,I,P,0
111,577,S,I,1
168,577,S,I,1
267,577,_,F,2
390,577,P,S,3
477,577,_,F,2
487,577,S,I,4
223,578.846,I,S,2
259,578.467,I,S,2
267,578,I,P,2
310,578.017,I,S,3
334,578,S,I,3
477,578,I,P,2
491,578,_,F,4
55,579,S,I,1
86,579,S,I,0
223,579,S,I,2
257,579,S,I,4
351,579,_,F,3
491,579,I,P,4
494,579.022,I,S,0
119,580.304,I,S,0
143,580.059,I,S,1
211,580,_,F,2
240,580.714,I,S,2
391,580,S,I,2
411,580.64,I,S,4
0,581,S,I,0
71,581,S,I,0
211,581,I,P,2
254,581,S,I,2
330,581,S,I,3
331,581,S,I,3
338,581.051,I,S,3
470,581,_,F,4
19,582,S,I,0
95,582.593,I,S,0
334,582.12,I,S,3
377,582.471,I,S,3
402,582,S,I,4
411,582,S,I,4
439,582.782,I,S,4
442,582,_,F,2
470,582,I,P,4
80,583.722,I,S,0
84,583,S,I,0
174,583.918,I,S,1
442,583,I,P,2
170,584.593,I,S,1
256,584,S,I,2
399,584.009,I,S,3
493,584,S,I,4
496,584,S,I,4
180,585,S,I,1
334,585,S,I,3
133,586,S,I,1
141,586,S,I,1
172,586.414,I,S,1
269,586,S,I,2
295,586.528,I,S,2
371,586,_,F,3
111,587,_,F,1
307,587,S,I,3
487,587,_,F,4
15,588,S,I,0
31,588.878,I,S,0
170,588,S,I,2
438,588.973,I,S,4
487,588,I,P,0
494,588,S,I,4
141,589.624,I,S,1
257,589,_,F,2
298,589.856,I,S,2
377,589,S,I,3
450,589,S,I,4
5,590,S,I,0
120,590.156,I,S,1
257,590,I,P,2
259,590,S,I,2
304,590.441,I,S,3
330,590.256,I,S,0
0,591,_,F,0
172,591,S,I,1
331,591,_,F,3
0,592,I,P,0
331,592,I,P,3
338,592,S,I,3
411,592,_,F,4
438,592,S,I,4
84,593,_,F,0
399,593,S,I,3
411,593,I,P,4
424,593,P,S,4
439,593,S,I,4
474,593,S,I,4
84,594,I,P,0
359,594.812,I,S,3
371,594.49,I,S,3
493,594,_,F,4
132,595.278,I,S,1
180,595,_,F,1
217,595,S,I,2
10,596,S,I,0
133,596,_,F,1
180,596,I,P,4
240,596,S,I,2
133,597,I,P,1
191,597.582,I,S,1
259,597.831,I,S,2
307,597,_,F,3
388,597.433,I,S,3
88,598,S,I,0
119,598,S,I,1
135,598,P,S,1
273,598,S,I,3
307,598,I,P,3
80,599,S,I,0
116,599,S,I,1
234,599.427,I,S,2
235,599.857,I,S,2
390,599,S,I,3
296,600.71,I,S,2
306,600,S,I,3
351,600.933,I,S,3
388,600,S,I,3
298,601,S,I,2
330,601,S,I,3
101,602.122,I,S,1
124,602.46,I,S,1
175,602.54,I,S,4
259,602,S,I,2
259,602.936,I,S,2
320,602.911,I,S,3
338,602,_,F,3
438,602,_,F,4
175,603,S,I,1
285,603.833,I,S,2
295,603,S,I,2
438,603,I,P,4
488,603,P,S,4
56,604.931,I,S,0
235,604,S,I,2
389,604.333,I,S,3
469,604.28,I,S,4
6,605,S,I,0
217,605,_,F,2
353,605.366,I,S,3
362,605.68,I,S,3
371,605,S,I,3
392,605.41,I,S,3
31,606,S,I,0
165,606.463,I,S,1
240,606,_,F,1
249,606.488,I,S,2
476,606.565,I,S,4
103,607,S,I,1
191,607,S,I,1
208,607.62,I,S,2
255,607,S,I,2
296,607,S,I,2
488,607,S,I,4
40,608.984,I,S,0
88,608,_,F,0
234,608,S,I,2
273,608,_,F,2
80,609,_,F,0
87,609,P,S,0
88,609,I,P,0
116,609,_,F,1
353,609,S,I,4
359,609,S,I,3
362,609,S,I,3
80,610,I,P,0
116,610,I,P,1
124,610,S,I,1
267,610,P,S,2
267,610,S,I,2
389,610,S,I,3
477,610,P,S,4
129,611.279,I,S,4
174,611,S,I,1
325,611,S,I,3
330,611,_,F,3
491,611,P,S,4
165,612,S,I,1
123,613,S,I,1
211,613,P,S,0
295,613,_,F,2
392,613,S,I,3
61,614.759,I,S,0
223,614.177,I,S,2
320,614,S,I,3
344,614.454,I,S,3
447,614,S,I,4
470,614,P,S,4
95,615,S,I,3
178,615.645,I,S,3
299,615.32,I,S,0
442,615,P,S,4
31,616,_,F,0
60,616.315,I,S,0
176,616.758,I,S,1
264,616.766,I,S,2
295,616.877,I,S,2
428,616,S,I,4
31,617,I,P,0
101,617,S,I,1
191,617,_,F,1
223,617,S,I,2
235,617.32,I,S,2
238,617.439,I,S,2
255,617,_,F,2
191,618,I,P,1
255,618,I,P,2
295,618,S,I,4
304,618,S,I,3
310,618,S,I,3
379,618.97,I,S,2
249,619,S,I,2
323,619.178,I,S,3
359,619,_,F,3
108,620.785,I,S,2
238,620,S,I,2
259,620,S,I,2
265,620.756,I,S,2
356,620.954,I,S,3
389,620,_,F,3
487,620,P,S,4
65,621.036,I,S,0
193,621.47,I,S,1
444,621.115,I,S,4
468,621.214,I,S,4
476,621,S,I,3
120,622,S,I,1
143,622,S,I,1
230,622.715,I,S,3
257,622,P,S,2
487,622,S,I,4
86,623.708,I,S,3
122,623.053,I,S,1
182,623,S,I,1
263,623.445,I,S,2
271,623.251,I,S,2
392,623,_,F,3
0,624,P,S,0
47,624.576,I,S,0
178,624,S,I,1
210,624.793,I,S,2
265,624,S,I,4
278,624.446,I,S,2
311,624.962,I,S,3
331,624,P,S,3
339,624.424,I,S,3
392,624,I,P,3
499,624.518,I,S,4
108,625,S,I,1
210,625,S,I,2
225,625.502,I,S,2
411,625,P,S,4
439,625.215,I,S,4
470,625,S,I,4
84,626,P,S,1
84,626,S,I,1
167,626,S,I,1
344,626,S,I,3
363,626.299,I,S,3
428,626,_,F,4
499,626,S,I,4
132,627,S,I,2
170,627.558,I,S,1
223,627,_,F,2
257,627,S,I,2
263,627,S,I,2
428,627,I,P,4
465,627.937,I,S,4
11,628,S,I,0
23,628.334,I,S,0
49,628.032,I,S,0
176,628,S,I,1
180,628,P,S,1
223,628,I,P,2
281,628.022,I,S,2
295,628,_,F,2
304,628,_,F,3
310,628,_,F,3
442,628,S,I,4
59,629.558,I,S,0
133,629,P,S,1
135,629,S,I,1
183,629.05,I,S,1
241,629,S,I,2
304,629,I,P,3
386,629.921,I,S,3
0,630,S,I,0
196,630.301,I,S,1
238,630,_,F,2
278,630,S,I,2
307,630,P,S,3
60,631,S,I,0
237,631.311,I,S,0
379,631,S,I,3
405,631.041,I,S,4
407,631.153,I,S,4
86,632,S,I,0
120,632,_,F,1
143,632,_,F,1
230,632,S,I,2
237,632,S,I,0
363,632,S,I,3
391,632.45,I,S,3
444,632,S,I,0
487,632,_,F,4
4,633.469,I,S,0
120,633,I,P,1
129,633,S,I,1
143,633,I,P,1
181,633.08,I,S,1
468,633,S,I,4
491,633,S,I,4
160,635.861,I,S,3
190,635.515,I,S,1
214,635.161,_,PEwane,2
238,635.621,I,S,2
438,635,P,S,2
235,636,S,I,2
344,636,_,F,3
381,636,S,I,3
132,637,_,F,1
208,637,S,I,2
323,637,S,I,3
11,638,_,F,0
132,638,I,P,1
438,638,S,I,4
11,639,I,P,0
186,639.32,I,S,1
222,639.614,I,S,2
238,639,S,I,2
405,639,S,I,4
421,639.125,I,S,1
494,639.891,I,S,4
61,640,S,I,0
139,640,S,I,1
219,640.655,I,S,2
278,640,_,F,2
88,641,P,S,0
92,641.642,I,S,0
211,641,S,I,2
219,641,S,I,2
264,641,S,I,2
269,641.026,I,S,2
278,641,I,P,2
331,641,S,I,3
386,641,S,I,3
56,642,S,I,0
80,642,P,S,0
116,642,P,S,1
271,642,S,I,4
285,642,S,I,2
172,643.733,I,S,1
276,643.804,I,S,2
306,643.826,I,S,3
468,643,_,F,4
76,644.054,I,S,4
306,644,S,I,3
315,644.092,I,S,3
351,644,S,I,3
468,644,I,P,4
122,645,S,I,1
185,645,S,I,1
424,645,S,I,4
36,646.051,I,S,0
92,646,S,I,0
234,646.929,I,S,2
243,646.941,I,S,2
421,646,S,I,4
452,646.374,I,S,3
493,646.213,I,S,4
180,647,S,I,1
185,647.231,I,S,1
208,647,_,F,2
308,647.081,I,S,3
420,647,S,I,4
13,648.025,I,S,0
186,648,S,I,1
192,648.859,I,S,1
208,648,I,P,2
281,648,S,I,3
437,648.344,I,S,4
494,648,S,I,4
17,649.164,I,S,0
31,649,P,S,0
238,649,_,F,2
76,650,S,I,0
104,650.582,I,S,1
191,650,P,S,1
255,650,P,S,2
311,650,S,I,0
241,651.51,I,S,2
461,651.386,I,S,4
33,652.576,I,S,0
141,652,S,I,1
190,652,S,I,2
308,652,S,I,2
320,652.607,I,S,3
234,653,S,I,2
243,653,S,I,2
299,653,S,I,2
383,653.737,I,S,3
31,654,S,I,0
241,654,S,I,2
306,654,_,F,1
461,654,S,I,4
28,655.66,I,S,1
88,655,S,I,0
346,655.372,I,S,3
360,655.695,I,S,3
424,655,_,F,4
47,656,S,I,0
188,656.271,I,S,4
221,656.613,_,PEwane,2
295,656.688,I,S,2
311,656.308,I,S,3
392,656,P,S,3
420,656.767,I,S,4
424,656,I,P,4
180,657.29,I,S,1
222,657,S,I,1
417,657.156,I,S,4
28,658,S,I,0
250,658.389,I,S,2
281,658,_,F,2
49,659,S,I,0
107,659.569,I,S,1
133,659,S,I,1
196,659,S,I,1
231,659.392,I,S,2
281,659,I,P,2
428,659,P,S,2
59,660,S,I,0
223,660,P,S,2
231,660,S,I,2
360,660,S,I,3
392,660,S,I,4
452,660,S,I,4
67,661.93,I,S,0
304,661,P,S,3
190,662,_,F,1
308,662,_,F,3
356,662,S,I,3
362,662.253,I,S,3
4,663,S,I,1
40,663,S,I,0
190,663,I,P,1
298,663.567,I,S,2
299,663,_,F,2
308,663,I,P,3
484,663,S,I,4
211,664.112,I,S,2
222,664.206,I,S,1
241,664,_,F,2
264,664.779,I,S,2
299,664,I,P,2
391,664,S,I,3
461,664,_,F,4
67,665,S,I,0
80,665,S,I,0
120,665,P,S,1
143,665,P,S,1
186,665.196,I,S,1
210,665.011,I,S,2
229,665.183,I,S,2
241,665,I,P,2
285,665.674,I,S,2
307,665,S,I,3
307,665.271,I,S,3
346,665,S,I,3
107,666,S,I,1
192,666,S,I,1
195,667.379,I,S,1
210,667,S,I,2
225,667,S,I,2
276,667,S,I,2
307,667,S,I,3
311,667,S,I,3
317,667.133,I,S,3
383,667,S,I,3
480,667.339,I,S,1
185,668,S,I,1
214,668,S,I,2
358,668.791,I,S,3
371,669.633,I,S,0
437,669,S,I,4
444,669.626,I,S,4
451,669.155,I,S,4
481,669.707,I,S,4
33,670,S,I,0
36,670,S,I,0
132,670,P,S,1
330,670.708,I,S,4
360,670.176,I,S,0
392,670,_,F,3
11,671,P,S,0
360,671,S,I,0
416,671.36,_,PEwane,4
454,671,S,I,4
193,672,S,I,1
431,672.63,I,S,4
439,672,S,I,4
496,672.633,I,S,4
4,673,_,F,1
40,673,_,F,0
278,673,P,S,2
455,673.371,I,S,4
4,674,I,P,0
40,674,I,P,0
255,674,S,I,2
302,674.76,I,S,3
391,674,_,F,3
417,674,S,I,4
67,675,_,F,0
143,675,S,I,1
250,675,S,I,2
339,675,S,I,3
467,675.112,I,S,4
122,676.065,I,S,1
192,676,_,F,0
221,676,S,I,2
362,676,S,I,3
465,676,S,I,4
468,676,P,S,4
13,677,S,I,0
139,677.651,I,S,1
188,677,S,I,2
210,677,_,F,2
285,677,S,I,2
307,677,_,F,3
431,677,S,I,0
104,678,S,I,1
132,678,S,I,1
185,678,_,F,1
210,678,I,P,2
236,678.733,I,S,2
302,678,S,I,3
469,678,S,I,4
131,679.288,I,S,1
195,679,S,I,1
208,680,P,S,2
407,680,S,I,2
469,680.443,I,S,4
11,681,S,I,0
67,681.796,I,S,0
467,681,S,I,4
67,682,S,I,0
436,682.449,I,S,4
139,683,S,I,1
186,683,S,I,1
261,683.744,I,S,4
344,683.091,I,S,0
367,683.838,I,S,4
438,683.866,I,S,4
160,684,S,I,1
170,684,S,I,1
285,684.463,I,S,2
315,684,S,I,3
330,684,S,I,3
428,684,S,I,4
143,685,_,F,1
183,685,S,I,0
250,685,_,F,2
285,685,S,I,2
290,685.678,I,S,2
33,686.575,I,S,0
105,686.119,_,PEwane,2
143,686,I,P,1
206,686.656,_,PEwane,2
221,686,_,F,2
223,686,S,I,2
250,686,I,P,4
267,686.269,I,S,2
362,686,_,F,3
468,686,S,I,4
188,687,_,F,0
221,687,I,P,2
234,687.245,I,S,2
362,687,I,P,3
72,688.17,I,S,0
146,688.226,_,PEwane,1
223,688.376,I,S,2
264,688,S,I,2
290,688,S,I,2
302,688,_,F,3
424,688,P,S,4
15,689.429,I,S,4
302,689,I,P,3
65,690,S,I,0
110,690.247,I,S,1
211,690,S,I,2
181,691,S,I,1
269,691,S,I,0
271,691.012,I,S,2
281,691,P,S,2
321,691.394,_,PEwane,3
344,691,S,I,3
373,691.58,_,PEwane,3
467,691,_,F,4
94,692.066,_,PEwane,0
120,692,S,I,1
439,692.676,I,S,4
455,692,S,I,4
467,692,I,P,4
480,692,S,I,4
139,693,_,F,1
173,693.449,I,S,1
180,693,S,I,1
367,693,S,I,3
0,694.766,I,S,0
139,694,I,P,1
315,694,_,F,3
330,694,_,F,3
411,694,S,I,1
428,694,_,F,1
55,695.506,I,S,0
183,695,_,F,1
190,695,P,S,1
227,695.654,I,S,2
266,695.364,I,S,1
308,695,P,S,3
315,695,I,P,3
330,695,I,P,3
33,696,S,I,0
183,696,I,P,1
299,696,P,S,2
439,696,S,I,4
241,697,P,S,2
269,697.242,I,S,2
294,697.174,I,S,2
179,698.632,_,PEwane,1
295,698,S,I,2
299,698,S,I,2
346,698.032,I,S,4
236,699,S,I,2
271,699,S,I,2
294,699,S,I,2
458,699.336,_,PEwane,4
17,700,S,I,0
65,700,_,F,0
278,700,S,I,2
319,700.847,I,S,3
436,700,S,I,4
31,701.423,I,S,0
116,701,S,I,2
148,701.029,I,S,2
344,701,_,F,3
172,702,S,I,1
241,702,S,I,2
252,702.721,_,PEwane,2
444,702,S,I,4
475,702.431,I,S,4
480,702,_,F,4
245,703.504,I,S,0
358,703,S,I,3
364,703.526,I,S,3
469,703,S,I,1
122,704,S,I,1
155,704.333,I,S,0
418,704.595,I,S,4
499,704.666,I,S,4
63,705.486,_,PEwane,0
316,705.681,I,S,3
493,705,S,I,4
4,706,P,S,0
40,706,P,S,0
190,706,S,I,1
316,706,S,I,3
437,706.269,I,S,4
15,707,S,I,0
122,707.606,I,S,1
319,707,S,I,3
387,707.296,_,PEwane,3
295,708,_,F,1
431,708.267,I,S,4
53,709.722,_,PEwane,0
55,709,S,I,0
229,709,S,I,2
295,709,I,P,2
20,710.761,I,S,0
43,710.567,I,S,1
102,710.182,I,S,1
210,710,P,S,4
218,710.728,I,S,3
304,710,S,I,3
105,711,S,I,1
116,711,_,F,1
122,711,S,I,1
208,711,S,I,2
210,711,S,I,2
233,711.938,I,S,2
458,711,S,I,4
164,712.121,I,S,1
172,712,_,F,1
241,712,_,F,2
278,712.239,I,S,2
296,712.436,I,S,2
395,712.808,I,S,3
451,712,S,I,2
102,713,S,I,2
140,713.218,I,S,1
169,713.11,_,PEwane,1
234,713,S,I,2
278,713,S,I,3
308,713,S,I,3
469,713,_,F,4
469,713.461,I,S,4
218,714,S,I,4
485,714.578,I,S,4
76,715.204,I,S,0
458,715.41,I,S,4
493,715,_,F,4
4,716,S,I,0
111,716.113,I,S,0
289,716.504,I,S,2
301,716.592,I,S,1
310,716.994,I,S,3
381,716.786,I,S,3
431,716,S,I,3
493,716,I,P,4
499,716,S,I,4
40,717,S,I,0
111,717,S,I,0
179,717,S,I,0
233,717,S,I,2
245,717,S,I,2
272,717.324,I,S,2
459,717.965,I,S,4
472,717.814,I,S,4
42,718.247,I,S,0
143,718,P,S,3
237,718.89,I,S,2
250,718,P,S,2
381,718,S,I,3
457,718.438,I,S,4
78,719.764,I,S,0
91,719.171,I,S,1
94,719,S,I,0
221,719,P,S,2
362,719,P,S,3
225,720.089,I,S,2
227,720,S,I,2
259,720.634,I,S,2
289,720,S,I,2
371,720,S,I,2
416,720,S,I,1
50,721.789,_,PEwane,0
164,721,S,I,1
223,721,S,I,2
277,721.323,I,S,2
302,721,P,S,3
362,721,S,I,3
410,721.179,_,PEwane,4
439,721.463,I,S,4
82,722.44,_,PEwane,0
215,722.183,I,S,1
36,723.033,I,S,0
43,723,S,I,0
252,723,S,I,2
278,723,_,F,2
302,723,S,I,3
320,723,S,I,4
215,724,S,I,2
222,724,S,I,2
278,724,I,P,2
299,724.012,I,S,2
395,724,S,I,3
453,724.094,I,S,1
467,724,P,S,4
475,724,S,I,4
72,725,S,I,0
159,725.541,I,S,1
321,725,S,I,3
325,725.812,I,S,3
363,725.271,I,S,3
387,725,S,I,0
139,726,P,S,1
431,726,_,F,4
438,726,S,I,4
499,726,_,F,4
5,727.662,I,S,0
36,727,S,I,0
40,727,_,F,0
179,727,_,F,1
301,727,S,I,3
315,727,P,S,3
330,727,P,S,3
364,727,S,I,3
431,727,I,P,4
436,727.513,I,S,1
499,727,I,P,4
122,728.743,I,S,1
183,728,P,S,2
191,728,S,I,1
237,728,S,I,2
296,728,S,I,2
330,728,S,I,3
386,728.662,I,S,3
114,729.959,_,PEwane,1
164,729.816,I,S,1
263,729.072,I,S,2
318,729.774,_,PEwane,3
12,730.555,_,PEwane,0
63,730,S,I,0
97,730.399,_,PEwane,0
164,730,S,I,1
187,730.309,_,PEwane,1
267,730,S,I,2
272,730,S,I,2
289,730,_,F,2
371,730,_,F,3
416,730,_,F,4
418,730,S,I,4
420,730,S,I,4
439,730,S,I,4
23,731,S,I,0
140,731,S,I,1
145,731.885,_,PEwane,1
289,731,I,P,2
317,731,S,I,3
365,731.185,_,PEwane,3
371,731,I,P,3
386,731,S,I,3
477,731,S,I,4
300,732.647,I,S,3
363,732,S,I,3
489,732.868,_,PEwane,4
40,733.79,I,S,0
47,733.803,I,S,0
131,734,S,I,1
146,734,S,I,1
297,734.123,I,S,2
3,735.542,_,PEwane,2
40,735,S,I,0
53,735,S,I,0
161,735.464,I,S,1
206,735,S,I,2
272,735.879,I,S,2
422,735.17,_,PEwane,4
424,735,S,I,0
33,736.658,I,S,0
110,736,S,I,1
315,736,S,I,3
398,736.183,_,PEwane,3
438,736,_,F,4
444,736.743,I,S,2
87,737,S,I,4
91,737,S,I,0
252,737.438,I,S,2
301,737,_,F,3
148,738,S,I,1
237,738,_,F,2
330,738,_,F,3
216,739.326,_,PEwane,4
444,739,S,I,2
63,740,_,F,0
111,740.074,I,S,1
169,740,S,I,1
178,740.523,I,S,1
262,740.503,_,PEwane,2
277,740,S,I,2
439,740,_,F,4
485,740,S,I,4
140,741,_,F,1
269,741,S,I,0
287,741.213,I,S,2
295,741,P,S,2
318,741,S,I,3
373,741,S,I,3
376,741.913,I,S,3
497,741.088,_,PEwane,4
47,742,S,I,0
82,742,S,I,0
167,742.493,I,S,1
263,742,S,I,4
363,742,_,F,3
369,742.462,_,PEwane,3
467,742,S,I,4
484,742.321,I,S,4
61,743.32,I,S,3
376,743,S,I,3
433,743.465,I,S,4
12,744,S,I,0
111,744,S,I,1
131,744,_,F,0
146,744,_,F,0
161,744,S,I,1
235,744.201,I,S,2
298,744,S,I,2
485,744.833,I,S,4
40,745,_,F,0
131,745,I,P,1
146,745,I,P,0
206,745,_,F,2
378,745.799,_,PEwane,3
400,745.923,_,PEwane,4
206,746,I,P,2
261,746,S,I,1
316,746.39,I,S,3
325,746,S,I,3
328,746.921,I,S,3
448,746.722,_,PEwane,4
21,747.133,I,S,0
58,747.419,_,PEwane,0
90,747.269,_,PEwane,0
367,747.71,I,S,3
42,748,S,I,3
50,748,S,I,0
167,748,S,I,1
310,748,S,I,3
380,748.069,_,PEwane,3
432,748.488,I,S,4
484,748,S,I,4
489,748,S,I,4
493,748,P,S,4
27,749.268,_,PEwane,0
153,749.065,I,S,1
184,749.795,_,PEwane,1
226,749.992,_,PEwane,0
346,749,S,I,3
420,749.232,I,S,4
457,749,S,I,1
458,749,S,I,4
469,749,S,I,4
481,749,S,I,4
30,750.682,_,PEwane,1
169,750,_,F,1
192,750.292,I,S,1
316,750,S,I,3
20,751,S,I,0
49,751.557,I,S,1
138,751.078,I,S,1
166,751.231,I,S,1
269,751,_,F,0
496,751,S,I,4
47,752,_,F,0
82,752,_,F,0
178,752,S,I,4
203,752.246,_,PEwane,0
328,752,S,I,3
336,752.889,_,PEwane,3
497,752,S,I,4
47,753,I,P,0
164,753.312,I,S,1
281,753,S,I,2
397,753.156,_,PEwane,3
12,754,_,F,0
78,754,S,I,0
111,754,_,F,1
143,754,S,I,1
488,754.946,I,S,4
496,754.231,I,S,4
9,755.949,_,PEwane,0
111,755,I,P,1
166,755,S,I,1
197,755.2,I,S,1
232,755.5,_,PEwane,2
259,755,S,I,2
347,755.616,_,PEwane,3
467,755.051,I,S,4
97,756,S,I,0
124,756.345,I,S,1
144,756.931,_,PEwane,1
185,756.637,I,S,1
278,756,P,S,2
282,756.068,_,PEwane,2
321,756.864,I,S,3
406,756.841,I,S,4
488,756,S,I,4
114,757,S,I,1
299,757,S,I,2
50,758,_,F,0
138,758,S,I,1
310,758,_,F,3
403,758.284,_,PEwane,4
413,758.254,_,PEwane,3
432,758,S,I,4
484,758,_,F,4
137,759.833,I,S,1
177,759.415,_,PEwane,1
178,759.328,I,S,4
238,759.129,I,S,2
266,759,S,I,2
288,759.411,I,S,2
310,759,I,P,3
316,759.522,I,S,3
412,759.27,_,PEwane,0
431,759,P,S,4
457,759,_,F,4
473,759.209,I,S,1
484,759,I,P,4
499,759,P,S,4
1,760.89,I,S,0
27,760,S,I,0
137,760,S,I,1
216,760,S,I,2
300,760,S,I,3
343,760.868,_,PEwane,3
20,761,_,F,4
51,761.324,I,S,0
90,761,S,I,0
275,761.15,I,S,2
0,762,S,I,3
178,762,S,I,1
184,762,S,I,1
192,762,S,I,1
237,762.074,I,S,2
260,762.086,I,S,4
308,762.752,I,S,3
328,762,_,F,3
387,762.432,I,S,0
420,762,S,I,3
485,762,S,I,4
496,762,S,I,3
133,763.125,I,S,1
183,763,S,I,1
243,763.169,I,S,2
281,763,_,F,2
289,763,P,S,2
320,763.121,I,S,3
322,763.359,I,S,3
371,763,P,S,1
446,763.938,_,PEwane,4
51,764,S,I,0
76,764,S,I,0
281,764,I,P,2
406,764,S,I,4
443,764.754,_,PEwane,2
431,765,S,I,4
5,766,S,I,1
97,766,_,F,0
396,766.646,_,PEwane,3
114,767,_,F,1
133,767,S,I,1
250,767,S,I,2
320,767,S,I,3
387,767,S,I,0
55,768.496,I,S,0
124,768,S,I,1
138,768,_,F,3
213,768.277,_,PEwane,2
321,768,S,I,3
490,768.804,_,PEwane,4
59,769.228,I,S,0
139,769,S,I,1
433,769,S,I,1
33,770,S,I,0
137,770,_,F,1
159,770,S,I,1
177,770,S,I,1
216,770,_,F,2
235,770,S,I,2
237,770,S,I,2
275,770,S,I,2
300,770,_,F,3
317,770.141,I,S,3
352,770.881,I,S,3
449,770.137,I,S,4
494,770.45,I,S,4
20,771.309,I,S,0
48,771.954,_,PEwane,0
55,771,S,I,0
61,771,S,I,0
69,771.677,_,PEwane,0
122,771,S,I,1
137,771,I,P,1
226,771,S,I,2
240,771.26,I,S,3
300,771,I,P,3
398,771,S,I,1
0,772,_,F,0
192,772,_,F,2
288,772,S,I,2
322,772,S,I,3
336,772,S,I,1
347,772,S,I,3
410,772,S,I,4
420,772,_,F,4
483,772.308,_,PEwane,2
0,773,I,P,0
192,773,I,P,2
243,773,S,I,2
289,773,S,I,2
391,773.051,I,S,3
472,773,S,I,1
51,774,_,F,3
154,774.594,_,PEwane,1
155,774,S,I,1
173,774,S,I,1
235,774.841,I,S,2
341,774.484,I,S,3
404,774.45,_,PEwane,4
118,775.387,_,PEwane,1
225,775,S,I,2
352,775,S,I,3
459,775,S,I,4
5,776,_,F,0
233,776.202,I,S,4
247,776.132,I,S,2
371,776,S,I,3
410,776.85,I,S,4
5,777,I,P,0
131,777,P,S,1
133,777,_,F,1
146,777,P,S,1
152,777.083,_,PEwane,1
202,777.246,I,S,2
246,777.343,I,S,2
252,777,S,I,2
344,777.926,I,S,3
419,777.446,_,PEwane,2
427,777.821,I,S,4
473,777,S,I,4
474,777.58,I,S,4
133,778,I,P,3
206,778,P,S,2
206,778,S,I,2
344,778,S,I,3
467,778,S,I,4
474,778,S,I,4
20,779,S,I,4
49,779,S,I,0
139,779,_,F,1
169,779.735,I,S,1
186,779.935,I,S,1
260,779,S,I,2
278,779,S,I,2
492,779.12,I,S,4
493,779,S,I,1
45,780.489,I,S,0
139,780,I,P,1
142,780.747,_,PEwane,1
159,780,_,F,1
237,780,_,F,2
329,780.962,_,PEwane,3
340,780.401,_,PEwane,3
378,780,S,I,3
423,780.676,I,S,4
55,781,_,F,0
61,781,_,F,0
122,781,_,F,3
144,781,S,I,1
159,781,I,P,1
203,781,S,I,2
369,781,S,I,3
375,781.619,I,S,3
55,782,I,P,0
61,782,I,P,0
164,782,S,I,0
266,782.246,I,S,2
286,782.887,_,PEwane,2
322,782,_,F,3
341,782,S,I,2
347,782,_,F,3
243,783,_,F,2
262,783,S,I,1
272,783,S,I,2
285,783.559,I,S,2
322,783,I,P,3
347,783.822,I,S,3
472,783,_,F,0
494,783,S,I,4
308,784,S,I,3
343,784,S,I,3
3,785,S,I,0
47,785,P,S,0
166,785.883,I,S,1
225,785,_,F,2
316,785,S,I,3
348,785.981,_,PEwane,3
361,785.166,I,S,3
414,785.421,_,PEwane,4
449,785,S,I,4
9,786,S,I,4
18,786.356,_,PEwane,0
154,786,S,I,1
201,786.683,I,S,2
371,786,_,F,4
448,786,S,I,4
111,787,P,S,1
145,787,S,I,1
275,787.125,I,S,2
365,787,S,I,3
371,787,I,P,4
453,787,S,I,4
473,787,_,F,4
483,787,S,I,4
80,788.782,I,S,0
213,788,S,I,2
215,788.501,I,S,2
235,788,S,I,2
266,788,S,I,1
275,788,S,I,2
429,788.441,_,PEwane,4
467,788,_,F,4
469,788.711,I,S,4
20,789,_,F,0
49,789,_,F,0
100,789.849,I,S,1
180,789.117,I,S,1
278,789,_,F,2
380,789,S,I,3
383,789.198,I,S,3
20,790,I,P,0
29,790.479,_,PEwane,0
118,790,S,I,2
128,790.809,_,PEwane,1
163,790.729,_,PEwane,2
278,790,I,P,2
282,790,S,I,2
351,790.938,I,S,3
378,790,_,F,3
471,790.402,_,PEwane,0
24,791.534,I,S,0
59,791,S,I,0
59,791.904,I,S,2
88,791.679,I,S,0
180,791,S,I,1
203,791,_,F,2
310,791,P,S,3
325,791.926,I,S,3
391,791,S,I,3
411,791.716,I,S,4
484,791,P,S,4
203,792,I,P,2
317,792,S,I,3
469,792,S,I,4
478,792.532,I,S,4
110,793.551,I,S,1
262,793,_,F,2
272,793,_,F,2
303,793.058,I,S,3
364,793.465,I,S,3
400,793,S,I,4
201,794,S,I,0
232,794,S,I,2
240,794,S,I,2
262,794,I,P,2
272,794,I,P,2
310,794,S,I,3
343,794,_,F,4
385,794.245,_,PEwane,3
423,794,S,I,4
453,794.242,I,S,4
495,794.265,_,PEwane,4
26,795.436,I,S,0
69,795,S,I,0
111,795,S,I,1
158,795.199,_,PEwane,1
190,795.116,I,S,1
221,795,S,I,2
253,795.471,I,S,2
287,795,S,I,2
316,795,_,F,3
343,795,I,P,4
449,795,_,F,4
483,795.66,I,S,4
490,795,S,I,4
2,796.632,_,PEwane,0
154,796,_,F,1
169,796,S,I,1
191,796.69,I,S,1
281,796,P,S,2
285,796,S,I,2
312,796.247,I,S,3
316,796,I,P,3
327,796.881,_,PEwane,3
329,796,S,I,3
449,796,I,P,4
451,796.752,I,S,4
466,796.777,_,PEwane,4
145,797,_,F,1
199,797.408,I,S,1
233,797,S,I,2
237,797.142,I,S,2
284,797.736,I,S,2
325,797,S,I,3
396,797,S,I,3
26,798,S,I,3
145,798,I,P,1
153,798,S,I,1
190,798,S,I,1
235,798,_,F,0
266,798,_,F,2
292,798.836,_,PEwane,2
305,798.319,_,PEwane,3
478,798,S,I,4
34,799.372,I,S,0
59,799,S,I,3
235,799,I,P,2
283,799.136,_,PEwane,2
378,799.491,I,S,3
410,799,S,I,4
118,800,_,F,1
197,800,S,I,1
215,800,S,I,2
282,800,_,F,2
340,800,S,I,3
374,800.315,I,S,3
499,800,S,I,4
76,801.915,I,S,0
88,801,S,I,0
181,801.034,I,S,1
218,801.115,I,S,2
238,801,S,I,3
297,801,S,I,2
351,801,S,I,4
372,801.584,_,PEwane,3
398,801.658,I,S,3
436,801,S,I,4
446,801,S,I,4
462,801.514,_,PEwane,4
128,802,S,I,1
146,802,S,I,1
270,802.061,_,PEwane,2
437,802,S,I,4
483,802,S,I,4
24,803,S,I,0
119,803.773,I,S,1
124,803.889,I,S,1
137,803,P,S,1
146,803.22,I,S,4
185,803,S,I,1
191,803,S,I,4
210,803.436,I,S,2
281,803,S,I,2
300,803,P,S,3
403,803,S,I,4
246,804,S,I,2
310,804,_,F,3
388,804.849,I,S,3
398,804,S,I,3
0,805,P,S,4
78,805.457,I,S,0
112,805.535,I,S,1
117,805.907,_,PEwane,1
192,805,P,S,1
284,805,S,I,2
303,805,S,I,3
310,805,I,P,3
397,805,S,I,3
490,805,_,F,4
490,805.535,I,S,4
11,806.385,I,S,2
199,806,S,I,1
233,806.117,I,S,2
285,806.334,I,S,2
427,806,S,I,4
49,807.832,I,S,0
167,807.288,I,S,1
192,807,S,I,1
300,807,S,I,3
325,807,_,F,3
380,807.787,I,S,3
443,807,S,I,4
453,807,S,I,4
132,808.842,I,S,1
309,808.127,I,S,1
325,808,I,P,3
478,808,_,F,4
0,809,S,I,4
5,809,P,S,0
41,809.689,_,PEwane,4
44,809.777,I,S,1
49,809,S,I,2
104,809.332,I,S,1
110,809,S,I,1
163,809,S,I,1
380,809,S,I,3
490,809,S,I,4
492,809,S,I,1
29,810,S,I,0
45,810,S,I,0
121,810.092,_,PEwane,1
133,810,P,S,1
154,810.074,I,S,1
366,810.493,_,PEwane,3
378,810,S,I,3
398,810.994,I,S,3
411,810,S,I,4
425,810.25,_,PEwane,0
495,810,S,I,4
2,811,S,I,0
53,811.044,I,S,0
88,811,_,F,0
100,811,S,I,1
142,811,S,I,1
181,811,S,I,1
307,811.453,I,S,3
373,811.88,I,S,0
457,811.84,I,S,4
38,812.445,_,PEwane,0
74,812.456,_,PEwane,0
139,812,P,S,1
174,812.82,I,S,1
198,812.149,I,S,4
285,812,S,I,2
436,812.214,I,S,4
447,812.146,I,S,0
30,813,S,I,0
46,813.276,_,PEwane,0
76,813,S,I,0
159,813,P,S,1
198,813,S,I,4
264,813.3,I,S,2
384,813.624,_,PEwane,3
55,814,P,S,0
61,814,P,S,0
146,814,S,I,1
207,814.958,_,PEwane,2
246,814,_,F,4
305,814,S,I,3
361,814,S,I,3
1,815,S,I,0
18,815,S,I,3
37,815.068,_,PEwane,0
124,815,S,I,1
137,815,S,I,1
202,815,S,I,3
204,815.179,_,PEwane,2
237,815,S,I,1
247,815,S,I,2
252,815.16,I,S,2
299,815.25,I,S,2
303,815,_,F,4
322,815,P,S,3
375,815,S,I,3
55,816,S,I,0
131,816,S,I,1
143,816.29,I,S,1
187,816,S,I,1
199,816,_,F,1
303,816,I,P,4
422,816,S,I,4
427,816,_,F,4
2,817.097,I,S,0
78,817,S,I,1
152,817,S,I,1
199,817,I,P,1
375,817.407,I,S,3
61,818,S,I,0
133,818,S,I,1
173,818.639,I,S,1
240,818.138,I,S,2
270,818,S,I,2
364,818,S,I,3
376,818.391,I,S,3
30,819.291,I,S,0
96,819.791,_,PEwane,0
110,819,_,F,0
132,819,S,I,1
334,819.361,I,S,3
371,819,P,S,3
372,819,S,I,0
385,819,S,I,3
398,819,S,I,3
451,819,S,I,4
490,819,_,F,4
110,820,I,P,0
173,820,S,I,1
250,820.32,I,S,2
411,820,_,F,4
412,820,S,I,4
493,820.165,I,S,0
56,821.668,I,S,0
79,821.891,I,S,0
174,821,S,I,1
181,821,_,F,1
210,821,S,I,2
367,821,S,I,3
411,821,I,P,4
471,821,S,I,4
18,822.207,I,S,0
20,822,P,S,0
48,822,S,I,0
166,822,S,I,1
181,822,I,P,1
278,822,P,S,2
285,822,_,F,2
60,823.206,I,S,0
76,823,_,F,0
104,823,S,I,1
285,823,I,P,2
383,823,S,I,3
425,823,S,I,4
21,824,S,I,0
53,824,S,I,0
59,824.208,I,S,0
136,824.737,_,PEwane,1
158,824,S,I,1
203,824,P,S,2
305,824,_,F,3
79,825,S,I,0
93,825.854,_,PEwane,0
124,825,_,F,1
125,825.845,_,PEwane,1
137,825,_,F,3
160,825.263,I,S,1
172,825.483,I,S,0
286,825,S,I,2
290,825.9,I,S,2
305,825,I,P,3
429,825,S,I,4
454,825.07,I,S,4
465,825.392,I,S,4
113,826.106,I,S,1
137,826,I,P,1
194,826.85,_,PEwane,1
262,826,P,S,2
272,826,P,S,2
292,826,S,I,2
373,826,S,I,3
375,826,S,I,3
414,826,S,I,4
422,826,_,F,4
493,826,S,I,0
2,827,S,I,0
52,827.054,I,S,0
80,827,S,I,0
121,827,S,I,1
130,827.101,_,PEwane,1
247,827.936,I,S,2
343,827,P,S,3
376,827,S,I,3
56,828,S,I,0
247,828,S,I,2
295,828,S,I,2
316,828,P,S,3
322,828,S,I,3
449,828,P,S,4
466,828,S,I,4
60,829,S,I,0
172,829,S,I,0
203,829,S,I,2
316,829,S,I,3
347,829,S,I,3
348,829,S,I,3
441,829.326,_,PEwane,4
451,829,_,F,4
462,829,S,I,4
145,830,P,S,1
173,830,_,F,1
198,830.649,I,S,1
233,830,S,I,2
268,830.753,I,S,2
374,830,S,I,3
399,830.029,I,S,3
451,830,I,P,4
235,831,P,S,2
372,831.389,I,S,3
379,831.089,I,S,3
18,832,S,I,1
157,832.595,_,PEwane,1
205,832.357,I,S,2
218,832,S,I,2
240,832,S,I,2
262,832,S,I,2
299,832,S,I,2
304,832.753,I,S,2
343,832,S,I,3
368,832.194,I,S,3
379,832,S,I,3
22,833.471,_,PEwane,0
63,833.012,I,S,0
252,833,S,I,2
254,833.917,I,S,2
312,833,S,I,3
347,833.007,I,S,3
383,833,_,F,3
448,833.184,I,S,0
481,833.386,I,S,2
5,834,S,I,0
11,834,S,I,0
63,834,S,I,0
113,834,S,I,1
151,834.158,I,S,4
207,834,S,I,2
370,834.885,_,PEwane,3
383,834,I,P,3
388,834,S,I,3
347,835,S,I,3
393,835.996,_,PEwane,3
429,835,_,F,4
481,835,S,I,2
125,836,S,I,1
186,836,S,I,4
366,836,S,I,3
373,836,_,F,3
414,836,_,F,3
46,837,S,I,3
80,837,_,F,0
88,837.565,I,S,0
121,837,_,F,1
256,837.443,I,S,1
310,837,P,S,0
338,837.682,I,S,3
373,837,I,P,3
34,838,S,I,0
56,838,_,F,0
80,838,I,P,0
254,838,S,I,2
257,838.535,I,S,2
295,838,_,F,2
309,838,S,I,3
497,838.96,I,S,1
57,839.972,_,PEwane,0
132,839.575,I,S,1
143,839,S,I,1
203,839,_,F,2
243,839.61,I,S,2
264,839,S,I,2
295,839,I,P,2
311,839.756,I,S,3
349,839.13,_,PEwane,3
39,840.331,I,S,0
145,840,S,I,1
268,840,S,I,2
278,840,S,I,2
310,840,S,I,3
325,840,P,S,3
74,841,S,I,3
127,841.882,I,S,1
243,841,S,I,2
288,841.223,I,S,2
398,841.723,I,S,3
401,841.172,I,S,4
497,841,S,I,4
18,842,_,F,0
59,842,S,I,2
228,842.436,I,S,3
256,842,S,I,2
343,842,_,F,3
420,842.39,I,S,4
498,842.515,I,S,4
18,843,I,P,0
48,843.372,I,S,0
96,843,S,I,0
252,843,_,F,3
381,843.372,I,S,3
404,843,S,I,1
419,843,S,I,4
30,844,S,I,0
46,844.627,I,S,0
113,844,_,F,1
197,844.676,I,S,1
371,844,S,I,2
420,844,S,I,4
62,845.382,I,S,0
113,845,I,P,1
119,845,S,I,1
300,845.839,I,S,1
354,845.786,I,S,4
436,845,S,I,4
457,845,S,I,4
130,846,S,I,1
153,846.374,I,S,1
154,846,S,I,1
157,846,S,I,1
186,846,_,F,1
204,846,S,I,2
248,846.551,_,PEwane,2
307,846,S,I,3
327,846,S,I,3
448,846,S,I,3
68,847.517,_,PEwane,0
128,847.549,I,S,1
186,847,I,P,1
272,847,S,I,2
288,847,S,I,2
311,847,S,I,3
385,847.138,I,S,3
393,847,S,I,3
0,848.321,I,S,0
75,848.406,I,S,0
88,848,S,I,0
139,848,S,I,1
303,848,P,S,3
352,848.871,I,S,3
399,848,S,I,1
401,848,S,I,4
11,849.292,I,S,0
44,849,S,I,1
46,849,S,I,1
75,849,S,I,0
128,849,S,I,1
138,849.068,I,S,1
187,849.632,I,S,1
199,849,P,S,4
264,849,_,F,2
345,849.364,I,S,3
17,850.38,I,S,0
145,850,_,F,4
159,850,S,I,1
264,850,I,P,2
98,851.832,I,S,0
124,851.486,I,S,1
125,851.388,I,S,1
145,851,I,P,4
198,851,S,I,1
253,851,S,I,2
343,851.281,I,S,3
379,851.7,I,S,3
497,851,_,F,4
22,852,S,I,0
22,852.833,I,S,0
59,852,_,F,0
97,852.704,I,S,0
110,852,P,S,0
110,852,S,I,0
151,852,S,I,4
194,852,S,I,1
297,852.492,I,S,2
349,852,S,I,3
497,852,I,P,4
59,853,I,P,0
64,853.15,I,S,0
126,853.143,I,S,1
138,853,S,I,1
359,853.947,I,S,3
411,853,P,S,4
419,853,_,F,4
449,853,S,I,4
34,854.317,I,S,0
125,854,S,I,1
129,854.783,I,S,1
135,854.38,I,S,1
181,854,P,S,1
303,854,S,I,3
371,854,_,F,0
379,854,S,I,3
415,854.178,_,PEwane,4
97,855,S,I,0
119,855,_,F,1
181,855,S,I,1
250,855,S,I,1
255,855.915,I,S,4
285,855,P,S,2
354,855,S,I,3
368,855,S,I,4
397,855.213,I,S,2
435,855.926,_,PEwane,4
480,855.58,I,S,4
39,856,S,I,0
107,856.184,I,S,1
119,856,I,P,1
154,856,_,F,4
290,856,S,I,2
292,856.807,I,S,2
307,856,_,F,3
352,856,S,I,3
362,856.493,I,S,3
441,856,S,I,4
39,857.522,I,S,0
66,857.602,I,S,2
112,857,S,I,0
115,857.988,I,S,1
160,857,S,I,1
197,857,S,I,1
272,857,_,F,3
288,857,_,F,0
305,857,P,S,3
307,857,I,P,3
348,857.428,I,S,3
385,857,S,I,3
135,858,S,I,1
137,858,P,S,1
257,858,S,I,1
272,858,I,P,3
381,858,S,I,3
399,858,_,F,3
493,858.504,I,S,4
0,859,S,I,0
22,859,S,I,0
44,859,_,F,0
66,859,S,I,0
75,859,_,F,0
305,859,S,I,3
397,859,S,I,3
404,859.97,I,S,4
472,859.938,I,S,4
41,860,S,I,0
48,860,S,I,0
52,860,S,I,0
235,860,S,I,2
285,860,S,I,2
313,860.3,I,S,3
338,860,S,I,3
339,860.835,I,S,3
378,860.188,I,S,3
411,860,S,I,4
124,861,S,I,1
175,861.203,I,S,1
187,861,S,I,1
198,861,_,F,1
232,861.734,I,S,2
253,861,_,F,1
265,861.454,I,S,0
339,861,S,I,3
447,861,S,I,4
37,862,S,I,0
39,862,S,I,0
110,862,_,F,1
451,862,P,S,4
67,863.053,I,S,0
129,863,S,I,1
292,863,S,I,2
343,863,S,I,3
421,863.294,I,S,4
256,864.376,I,S,2
297,864,S,I,2
303,864,_,F,3
47,865,S,I,0
64,865,S,I,0
250,865,_,F,2
263,865.516,I,S,2
316,865.768,I,S,3
368,865,_,F,4
480,865,S,I,4
498,865,S,I,4
34,866,S,I,0
158,866.97,I,S,1
250,866,I,P,2
290,866,_,F,2
313,866,S,I,3
316,866,S,I,3
370,866,S,I,3
383,866,P,S,4
441,866,_,F,4
112,867,_,F,4
136,867,S,I,4
290,867,I,P,2
385,867,_,F,3
438,867.189,I,S,4
441,867,I,P,4
71,868.835,I,S,1
228,868,S,I,2
257,868,_,F,2
359,868,S,I,3
381,868,_,F,3
384,868,S,I,1
5,869,I,S,0
17,869,S,I,0
20,869,S,I,3
127,869,S,I,1
257,869,I,P,2
334,869,S,I,0
373,869,P,S,3
381,869,I,P,2
484,869,S,I,4
48,870,_,F,0
67,870,S,I,0
80,870,P,S,0
263,870,S,I,2
496,870.635,I,S,4
48,871,I,P,0
71,871,S,I,0
248,871,S,I,2
295,871,P,S,2
339,871,_,F,3
360,871.228,I,S,3
0,872.696,I,S,0
147,872.311,_,PEwane,1
151,872.547,I,S,1
178,872.609,I,S,1
339,872,I,P,3
370,872.209,I,S,3
465,872,S,I,2
491,872.294,I,S,3
117,873,S,I,1
167,873,S,I,1
292,873,_,F,2
294,873.987,I,S,3
457,873.281,I,S,4
142,874.536,I,S,1
283,874,S,I,2
372,874,S,I,3
413,874,S,I,4
481,874.162,I,S,3
18,875,P,S,0
49,875.513,I,S,0
152,875.496,I,S,1
153,875,S,I,1
191,875.506,I,S,2
256,875,S,I,2
498,875,_,F,4
4,876.295,I,S,0
34,876,_,F,0
270,876.047,I,S,3
316,876,_,F,3
360,876,S,I,3
370,876,S,I,3
498,876,I,P,4
18,877,S,I,0
84,877.038,I,S,4
113,877,P,S,1
115,877,S,I,1
136,877,_,F,1
170,877.549,I,S,1
202,877.224,I,S,2
269,877.787,I,S,2
396,877.591,I,S,3
448,877.742,I,S,4
217,878.968,I,S,2
265,878,S,I,1
447,878.995,I,S,4
454,878,S,I,4
100,879.416,I,S,1
105,879.173,I,S,1
113,879,S,I,1
127,879,_,F,1
132,879,S,I,1
186,879,P,S,1
189,879.14,I,S,1
334,879,_,F,3
105,880,S,I,1
152,880,S,I,1
199,880,S,I,1
235,880.51,I,S,2
255,880,S,I,2
321,880.761,I,S,3
57,881,S,I,0
137,881,S,I,1
178,881,S,I,1
280,881.667,I,S,2
324,881.263,I,S,3
378,881,S,I,3
380,881.097,I,S,3
386,881.321,I,S,3
398,881,S,I,3
80,882,S,I,4
186,882,S,I,0
203,882.845,I,S,2
232,882,S,I,4
264,882,P,S,2
271,882.883,I,S,2
373,882,S,I,3
396,882,S,I,2
399,882.067,I,S,3
462,882.747,I,S,1
496,882,S,I,4
62,883,S,I,0
145,883,P,S,1
386,883,S,I,3
429,883.139,I,S,1
438,883,S,I,4
31,884,S,I,0
139,884.263,I,S,1
217,884,S,I,2
271,884,S,I,2
372,884,_,F,3
470,884.27,I,S,4
497,884,P,S,4
29,885.189,I,S,0
59,885,P,S,0
133,885.205,I,S,1
179,885.902,I,S,1
235,885,S,I,2
256,885,_,F,2
300,885,S,I,2
372,885,I,P,3
383,885,S,I,0
389,885.951,I,S,3
463,885.7,I,S,3
491,885,S,I,1
139,886,S,I,1
265,886.466,I,S,2
360,886,_,F,3
145,887,S,I,1
243,887.48,I,S,2
324,887,S,I,3
360,887,I,P,3
5,888,S,I,0
11,888,S,I,0
22,888.735,I,S,0
98,888,S,I,0
119,888,P,S,1
170,888,S,I,1
321,888,S,I,3
366,888.024,I,S,2
404,888,S,I,4
460,888.363,I,S,4
164,889.575,I,S,1
182,889.57,I,S,1
307,889,P,S,3
380,889,S,I,3
424,889.879,I,S,4
152,890,_,F,4
272,890,P,S,2
295,890,S,I,2
345,890,S,I,3
472,890,S,I,4
54,891.68,I,S,0
92,891.596,I,S,0
123,891.683,I,S,1
137,891,_,F,1
191,891,S,I,1
202,891,S,I,2
264,891,S,I,2
415,891,S,I,4
480,891.271,I,S,4
30,892.824,I,S,0
54,892,S,I,0
84,892,S,I,0
102,892.09,I,S,1
164,892,S,I,1
186,892,_,F,1
283,892.391,I,S,2
396,892,_,F,3
0,893,S,I,0
186,893,I,P,1
270,893,S,I,2
292,893.084,I,S,4
421,893,S,I,4
448,893,S,I,3
58,894,S,I,0
59,894,S,I,0
107,894,S,I,1
119,894,S,I,3
127,894.755,I,S,1
152,894.058,I,S,1
165,894.793,I,S,1
217,894,_,F,2
271,894,_,F,2
390,894.555,I,S,3
481,894,S,I,4
497,894,S,I,4
83,895.326,I,S,0
154,895.319,I,S,1
217,895,I,P,2
307,895,S,I,3
383,895,_,F,3
491,895,_,F,2
139,896,_,F,1
203,896,S,I,2
480,896,S,I,4
491,896,I,P,2
102,897,S,I,1
125,897.036,I,S,1
139,897,I,P,1
294,897,S,I,2
493,897,S,I,4
29,898,S,I,0
250,898,P,S,2
251,898.098,I,S,2
321,898,_,F,3
337,898.579,I,S,3
404,898,_,F,4
107,899.735,I,S,1
123,899,S,I,1
212,899.288,I,S,2
290,899,P,S,2
304,899,S,I,3
366,899,S,I,3
441,899,P,S,4
30,900,S,I,0
147,900,S,I,4
193,900.33,I,S,1
490,900.418,I,S,4
83,901,S,I,0
107,901,S,I,1
165,901,S,I,1
170,901.084,I,S,1
191,901,_,F,1
202,901,_,F,2
257,901,P,S,2
358,901.857,I,S,3
381,901,P,S,3
387,901.867,I,S,3
415,901,_,F,4
435,901,S,I,4
130,902.147,I,S,1
175,902,S,I,1
191,902,I,P,1
202,902,I,P,2
243,902,S,I,2
272,902,S,I,2
337,902,S,I,3
381,902,S,I,3
382,902.585,I,S,3
0,903,_,F,0
31,903.615,I,S,0
48,903,P,S,0
100,903,S,I,1
125,903,S,I,2
142,903,S,I,1
270,903,_,F,2
306,903.401,I,S,4
448,903,_,F,4
451,903,S,I,4
212,904,S,I,4
270,904,I,P,2
339,904,P,S,0
348,904,S,I,3
60,905.318,I,S,0
153,905.91,I,S,1
293,905.775,I,S,2
339,905,S,I,3
343,905.283,I,S,3
457,905,S,I,4
460,905,S,I,2
490,905,S,I,4
4,906,S,I,0
38,906,S,I,0
112,906.228,I,S,1
182,906,S,I,1
203,906,_,F,2
271,906.915,I,S,2
420,906.29,I,S,4
441,906,S,I,4
408,907.171,I,S,4
420,907,S,I,4
29,908.966,I,S,0
61,908.603,I,S,0
265,908,S,I,2
321,908.613,I,S,3
408,908,S,I,4
439,908.13,I,S,4
462,908,S,I,4
498,908,P,S,4
189,909,S,I,1
283,909,S,I,2
22,910,S,I,0
127,910,S,I,1
170,910,S,I,1
206,910.272,I,S,2
430,910.933,I,S,4
463,910,S,I,4
48,911,S,I,0
83,911,_,F,0
193,911,S,I,1
435,911,_,F,1
68,912,S,I,0
83,912,I,P,0
126,912,S,I,1
230,912.118,I,S,2
235,912.221,I,S,2
306,912,S,I,3
337,912,_,F,3
342,912.56,I,S,3
435,912,I,P,1
60,913,S,I,0
100,913,_,F,1
142,913,_,F,1
179,913,S,I,1
182,913.399,I,S,1
197,913.216,I,S,2
271,913,S,I,2
470,913,S,I,4
93,914,S,I,0
343,914,S,I,3
348,914,_,F,3
390,914,S,I,3
79,915.197,I,S,0
268,915.171,I,S,2
281,915.883,I,S,2
293,915,S,I,2
339,915,_,F,3
348,915,I,P,3
370,915.447,I,S,3
460,915,_,F,4
4,916,_,F,0
49,916,S,I,0
158,916,S,I,2
250,916,S,I,2
268,916,S,I,2
439,916,S,I,4
4,917,I,P,0
40,917.109,I,S,0
92,917,S,I,1
372,917,P,S,3
393,917.177,I,S,3
416,917.539,I,S,4
420,917,_,F,4
499,917.811,I,S,1
79,918,S,I,0
112,918,S,I,1
358,918,S,I,3
370,918,S,I,3
461,918.412,I,S,4
120,919.042,I,S,1
269,919,S,I,2
325,919,S,I,3
360,919,P,S,3
382,919,S,I,0
451,919.937,I,S,4
58,920.324,I,S,0
65,920.53,I,S,2
68,920.556,I,S,0
110,920.258,I,S,4
127,920,_,F,4
133,920,S,I,1
251,920,S,I,2
321,920,S,I,3
335,920.147,I,S,3
387,920,S,I,3
471,920.944,I,S,4
48,921,_,F,0
259,921.774,I,S,2
311,921.301,I,S,3
29,922,S,I,0
30,922.107,I,S,0
48,922,I,P,0
130,922,S,I,1
177,922.336,I,S,1
206,922,S,I,2
257,922,S,I,2
306,922,_,F,3
393,922,S,I,3
473,922.999,I,S,4
489,922.128,I,S,0
266,923.593,I,S,2
280,923,S,I,2
313,923.262,I,S,3
335,923,S,I,3
389,923,S,I,3
30,924,S,I,0
31,924,S,I,0
342,924,S,I,2
354,924.761,I,S,3
446,924.164,I,S,0
110,925,S,I,1
180,925.638,I,S,3
186,925,P,S,1
210,925.784,I,S,2
360,925,S,I,3
416,925,S,I,4
451,925,S,I,4
49,926,_,F,0
152,926,S,I,1
258,926.161,I,S,2
268,926,_,F,4
282,926.132,I,S,2
394,926.017,I,S,3
475,926.335,I,S,2
25,927.361,I,S,0
106,927.833,I,S,1
217,927,P,S,2
218,927.848,I,S,2
268,927,I,P,2
319,927.412,I,S,3
362,927,S,I,1
385,927.39,I,S,3
395,927.817,I,S,3
471,927,S,I,4
68,928,S,I,0
154,928,S,I,1
282,928,S,I,2
358,928,_,F,3
370,928,_,F,3
391,928.696,I,S,3
418,928.971,I,S,4
491,928,P,S,4
498,928,S,I,4
20,929.138,I,S,0
106,929,S,I,1
107,929.613,I,S,1
119,929.218,I,S,1
139,929,P,S,1
207,929.891,I,S,2
358,929,I,P,3
370,929,I,P,3
488,929.223,I,S,4
120,930,S,I,1
129,930.319,I,S,1
133,930,_,F,1
153,930,S,I,1
251,930,_,F,2
297,930.933,I,S,4
319,930,S,I,3
391,930,S,I,3
473,930,S,I,4
499,930,S,I,4
128,931.199,I,S,1
133,931,I,P,1
235,931,S,I,2
290,931,S,I,2
313,931,S,I,3
376,931.95,I,S,1
124,932.122,I,S,1
151,932,S,I,1
186,932,S,I,1
206,932,_,F,4
257,932,_,F,2
393,932,_,F,3
206,933,I,P,4
207,933,S,I,2
257,933,I,P,4
262,933.666,I,S,2
281,933,S,I,2
331,933.896,I,S,3
389,933,_,F,3
393,933,I,P,3
493,933.493,I,S,4
31,934,_,F,0
58,934,S,I,0
191,934,P,S,1
202,934,P,S,2
297,934,S,I,4
311,934,S,I,3
424,934,S,I,4
31,935,I,P,0
197,935,S,I,3
202,935,S,I,2
210,935,S,I,2
292,935,S,I,2
332,935.215,_,PEwane,3
345,935.636,I,S,3
152,936,_,F,1
266,936,S,I,2
270,936,P,S,2
492,936.503,I,S,4
75,937.131,I,S,0
152,937,I,P,1
259,937,S,I,2
360,937.324,I,S,3
362,937,_,F,3
394,937,S,I,3
34,938.77,I,S,0
68,938,_,F,0
124,938,S,I,1
360,938,S,I,3
429,938,S,I,4
476,938.129,I,S,4
498,938,_,F,4
59,939.058,I,S,0
68,939,I,P,0
130,939.787,I,S,4
184,939.512,I,S,1
205,939,S,I,0
230,939,S,I,2
492,939,S,I,4
44,940.093,I,S,0
114,940.893,I,S,1
120,940,_,F,1
120,940.902,I,S,1
130,940,S,I,4
153,940,_,F,1
395,940,S,I,3
418,940,S,I,4
461,940,S,I,4
499,940,_,F,4
61,941,S,I,0
120,941,S,P,1
153,941,I,P,1
235,941,_,F,2
292,941.049,I,S,2
327,941.882,I,S,3
329,941.262,I,S,3
345,941,S,I,3
499,941,I,P,4
20,942,S,I,0
27,942.498,I,S,0
109,942.861,I,S,1
146,942.042,I,S,1
270,942,S,I,2
314,942.877,I,S,3
372,942,S,I,3
63,943.447,I,S,1
109,943,S,I,1
127,943.564,I,S,1
34,944,S,I,0
83,944,P,S,3
226,944.775,I,S,2
399,944,S,I,3
435,944,P,S,4
27,945,S,I,0
93,945.778,I,S,0
119,945,S,I,3
135,945.79,I,S,1
210,945,_,F,2
327,945,S,I,2
18,946.87,I,S,0
150,946.737,I,S,1
226,946,S,I,2
354,946,S,I,3
23,947.321,I,S,0
25,947,S,I,2
75,947,S,I,0
93,947,S,I,0
208,947.41,I,S,2
259,947,_,F,2
331,947,S,I,3
348,947,P,S,3
180,948,S,I,1
184,948,S,I,1
259,948,I,P,2
332,948,S,I,3
360,948,_,F,3
4,949,P,S,4
18,949,S,I,0
230,949,_,F,2
340,949.931,I,S,0
361,949.916,I,S,3
413,949.103,I,S,4
464,949.316,I,S,4
482,949.522,I,S,4
13,950.621,I,S,0
45,950.516,I,S,0
130,950,_,F,1
228,950.44,I,S,1
230,950,I,P,2
365,950.114,I,S,3
418,950,_,F,4
430,950,S,I,4
443,950.473,I,S,4
6,951.567,I,S,0
61,951,_,F,0
83,951,S,I,0
107,951,S,I,1
130,951,I,P,1
150,951,S,I,1
258,951,S,I,2
279,951.509,I,S,2
435,951,S,I,4
465,951.143,I,S,4
476,951,S,I,1
482,951,S,I,4
24,952.566,I,S,4
40,952,S,I,0
61,952,I,P,0
191,952,S,I,1
372,952,_,F,3
488,952,S,I,4
494,952.499,I,S,4
24,953,S,I,4
212,953.385,I,S,2
218,953,S,I,2
372,953,I,P,3
385,953,S,I,3
48,954,P,S,0
114,954,S,I,2
128,954,S,I,1
399,954,_,F,3
491,954,S,I,4
27,955,_,F,0
327,955,_,F,3
399,955,I,P,0
423,955.783,I,S,4
13,956,S,I,3
20,956.703,I,S,0
45,956,S,I,0
128,956.622,I,S,1
163,956.315,I,S,1
174,956.875,I,S,1
184,956.706,I,S,1
226,956,_,F,0
327,956,I,P,3
363,956.296,I,S,3
63,957,S,I,0
93,957,_,F,0
129,957,S,I,1
161,957.115,I,S,2
220,957.789,I,S,2
226,957,I,P,0
447,957,S,I,4
92,958.064,I,S,1
128,958,S,I,3
180,958,_,F,1
217,958,S,I,2
220,958,S,I,2
6,959,S,I,0
92,959,S,I,1
161,959,S,I,1
180,959,I,P,1
268,959,P,S,2
369,959.82,I,S,3
473,959.832,I,S,4
59,960,S,I,0
108,960.83,I,S,0
177,960,S,I,1
212,960,S,I,2
344,960.956,I,S,3
390,960.583,I,S,3
83,961,_,F,0
174,961,S,I,1
294,961.884,I,S,2
358,961,P,S,3
370,961,P,S,3
375,961.085,I,S,3
435,961,_,F,4
445,961.872,I,S,4
465,961,S,I,4
489,961,S,I,4
493,961,S,I,4
292,962,S,I,2
405,962.158,I,S,4
419,962.811,I,S,4
464,962,S,I,2
488,962,_,F,4
11,963.188,I,S,0
20,963,S,I,0
76,963.612,I,S,0
89,963.061,I,S,0
127,963,S,I,1
133,963,P,S,1
205,963.782,I,S,2
279,963,S,I,2
357,963.392,I,S,3
445,963,S,I,4
494,963,S,I,4
114,964,_,F,1
173,964.504,I,S,1
189,964.712,I,S,1
390,964,S,I,3
397,964.873,I,S,3
459,964.776,I,S,4
491,964,_,F,4
146,965,S,I,3
206,965,P,S,2
227,965.812,I,S,2
257,965,P,S,2
369,965,S,I,3
393,965,P,S,3
473,965,S,I,4
491,965,I,P,4
45,966,_,F,0
70,966.849,I,S,0
173,966,S,I,1
344,966,S,I,2
460,966.475,I,S,4
31,967,P,S,0
45,967,I,P,0
129,967,_,F,1
215,967.18,I,S,2
243,967.058,I,S,2
413,967,S,I,4
459,967,S,I,4
475,967,S,I,4
128,968,_,F,1
129,968,I,P,1
169,968.806,I,S,1
217,968,_,F,2
418,968.047,I,S,4
443,968,S,I,4
57,969.512,I,S,0
92,969,_,F,0
135,969,S,I,1
152,969,P,S,1
202,969.981,I,S,2
217,969,I,P,2
48,970,S,I,0
90,970.354,I,S,0
268,970,S,I,2
397,970,S,I,3
65,971,S,I,0
68,971,P,S,0
139,971,S,I,1
147,971.995,I,S,1
227,971,S,I,2
262,971,S,I,2
307,971.243,I,S,3
357,971,S,I,3
465,971,_,F,4
11,972,S,I,0
235,972.18,I,S,1
305,972.745,I,S,3
435,972.427,I,S,4
446,972,S,I,4
44,973,S,I,3
120,973,P,S,1
153,973,P,S,1
202,973,S,I,2
279,973,_,F,2
499,973,P,S,4
197,974.279,I,S,1
225,974.557,I,S,2
305,974,S,I,3
405,974,S,I,4
450,974.791,I,S,4
152,975,S,I,1
215,975,S,I,2
364,975.063,I,S,3
404,975.012,I,S,4
495,975.477,I,S,4
9,976.547,I,S,2
69,976.349,I,S,0
135,976.285,I,S,1
331,976.125,I,S,3
406,976.067,I,S,4
423,976,S,I,4
456,976.791,I,S,4
20,977.435,I,S,0
89,977,S,I,0
101,977.268,I,S,1
105,977.516,I,S,1
120,977,S,I,1
179,977.115,I,S,1
206,977,S,I,2
287,977.388,I,S,0
358,977,S,I,3
415,977.807,I,S,4
456,977,S,I,4
90,978,S,I,0
108,978,S,I,1
179,978,S,I,1
257,978,S,I,0
288,978.319,I,S,2
331,978,S,I,3
339,978.94,I,S,3
365,978,S,I,3
43,979.684,I,S,0
105,979,S,I,1
133,979,S,I,1
218,979.326,I,S,2
404,979,S,I,4
428,979.709,I,S,4
48,980,_,F,4
70,980,S,I,0
200,980.292,I,S,2
234,980.273,I,S,2
235,980,S,I,2
259,980,P,S,2
268,980,_,F,2
364,980,S,I,3
397,980,_,F,3
415,980,S,I,4
9,981,S,I,0
48,981,I,P,4
147,981,S,I,1
262,981,_,F,0
397,981,I,P,3
34,982.478,I,S,2
230,982,P,S,4
377,982.714,I,S,3
101,983,S,I,1
114,983.538,I,S,1
130,983,P,S,1
184,983,S,I,3
202,983,_,F,2
205,983,S,I,2
206,983.33,I,S,2
225,983,S,I,2
329,983,S,I,3
406,983,S,I,4
418,983,S,I,3
442,983.566,I,S,4
61,984,P,S,0
130,984,S,I,1
200,984,S,I,2
207,984.114,I,S,2
228,984,S,I,2
305,984,_,F,3
369,984.503,I,S,3
413,984.998,I,S,4
415,984.494,I,S,4
163,985,S,I,1
207,985,S,I,2
215,985,_,F,2
230,985,S,I,2
363,985,S,I,3
371,985.799,I,S,3
372,985,P,S,3
20,986,S,I,0
118,986.275,I,S,1
135,986,S,I,1
182,986,S,I,1
215,986,I,P,4
350,986.544,I,S,2
423,986,_,F,4
450,986,S,I,4
488,986.037,I,S,4
89,987,_,F,0
368,987.01,I,S,3
399,987,P,S,3
477,987.376,I,S,4
108,988,_,F,1
179,988,_,F,1
327,988,P,S,1
331,988,_,F,3
365,988,_,F,3
369,988,S,I,3
408,988.549,I,S,4
76,989,S,I,0
108,989,I,P,1
114,989,S,I,1
116,989.071,I,S,4
179,989,I,P,1
226,989,P,S,2
331,989,I,P,3
435,989,S,I,4
4,990,S,I,4
70,990,_,F,2
208,990,S,I,2
218,990,S,I,2
320,990.231,I,S,3
364,990,_,F,3
429,990.819,I,S,4
31,991,S,I,2
70,991,I,P,0
147,991,_,F,1
180,991,P,S,3
288,991,S,I,2
364,991,I,P,3
468,991.966,I,S,4
119,992.296,I,S,1
147,992,I,P,1
154,992.506,I,S,1
347,992.286,I,S,3
410,992.737,I,S,4
429,992,S,I,4
116,993,S,I,4
139,993.587,I,S,1
153,993,S,I,1
169,993,S,I,1
206,993,S,I,2
234,993,S,I,2
340,993,S,I,3
372,993,S,I,3
406,993,_,F,4
418,993,_,F,4
460,993,S,I,4
475,993.461,I,S,3
284,994.351,I,S,2
406,994,I,P,4
418,994,I,P,2
432,994.86,I,S,0
119,995,S,I,1
127,995.153,I,S,1
139,995,S,I,1
207,995,_,F,2
230,995,_,F,2
327,995,S,I,1
330,995.534,I,S,3
346,995.774,I,S,3
363,995,_,F,3
413,995,S,I,4
442,995,S,I,4
495,995,S,I,2
135,996,_,F,1
165,996.191,I,S,1
230,996,I,P,1
319,996.426,I,S,3
415,996,S,I,4
425,996.776,I,S,4
432,996,S,I,0
473,996.225,I,S,4
180,997,S,I,1
284,997,S,I,2
363,997.099,I,S,3
370,997,S,I,3
491,997,P,S,4
410,998,S,I,4
